126
261
180
222
462
385
162
216
207
293
154
172
297
127
241
183
136
311
230
146
172
191
219
123
161
124
209
732
150
170
194
212
338
121
181
202
430
144
167
191
125
134
163
390
203
328
566
166
287
331
237
454
129
210
242
180
173
185
497
453
194
190
212
281
147
161
211
205
436
150
170
290
214
345
158
179
202
327
153
168
190
317
258
156
178
202
271
125
266
190
131
446
161
182
204
432
353
169
193
215
232
128
178
205
330
149
269
124
121
240
187
114
136
129
187
247
321
153
521
123
125
123
119
122
133
273
291
351
128
146
139
369
239
388
142
120
117
143
144
125
123
126
116
118
124
123
116
121
123
123
136
121
121
120
145
126
120
135
122
134
134
218
191
160
169
294
172
123
196
122
126
126
191
124
123
1077
150
496
154
176
199
224
454
167
193
219
242
166
194
409
442
126
173
203
427
142
165
192
213
337
261
180
210
329
148
170
196
318
136
162
388
206
237
175
179
218
141
144
172
191
233
137
165
183
201
152
373
170
231
226
449
170
283
214
342
156
183
203
328
254
478
190
215
134
263
186
309
273
126
171
201
228
448
126
188
361
457
363
298
203
241
163
377
170
212
137
276
124
126
330
154
142
202
218
245
162
185
414
133
160
181
204
326
153
172
150
140
121
205
135
1044
200
325
148
145
197
210
240
162
181
302
131
144
168
190
216
446
160
184
203
464
461
150
509
424
272
168
319
330
407
258
1018
202
208
231
159
127
200
217
236
1021
175
232
524
348
164
181
201
326
255
172
193
319
234
275
1062
185
120
352
259
275
196
216
566
157
212
304
266
147
274
190
216
349
132
184
121
221
126
165
196
210
236
200
174
198
218
451
167
182
208
225
145
178
121
268
137
161
241
1007
327
125
169
236
350
231
151
183
200
223
140
119
183
207
433
121
173
195
131
138
156
183
221
125
255
178
188
139
239
180
1045
186
198
226
142
165
216
217
335
148
176
193
217
240
161
182
202
118
151
180
390
213
440
159
183
259
427
145
169
136
269
332
125
185
195
321
344
160
183
204
233
147
268
191
320
444
156
180
201
430
149
168
293
212
257
260
219
306
349
255
165
194
1033
1006
148
122
209
125
445
468
260
303
301
342
161
204
210
341
148
171
121
425
236
265
182
198
230
252
168
192
128
443
162
182
259
431
353
168
134
117
442
277
185
209
343
313
472
187
222
385
408
140
214
177
169
177
185
205
231
357
174
298
238
220
169
184
239
1019
1340
393
393
223
260
576
169
140
209
229
158
216
302
256
123
125
201
122
150
169
716
130
501
184
386
122
269
229
133
179
214
322
126
167
132
208
144
174
247
193
320
261
118
205
122
466
168
180
133
215
336
154
166
216
124
251
479
192
229
239
128
173
259
265
260
204
183
210
230
247
174
215
478
142
209
1051
940
665
447
157
301
332
503
169
204
1071
168
459
257
294
194
228
345
262
217
204
128
147
168
188
221
180
379
250
146
1095
196
168
229
218
447
200
166
218
444
158
1470
446
1029
200
225
236
163
178
220
247
207
215
309
391
489
175
288
601
129
165
170
438
384
285
372
137
209
224
458
213
157
357
144
165
132
205
329
146
175
601
268
905
138
186
179
125
179
1700
2092
1098
1020
263
1015
158
188
206
335
449
185
193
130
346
175
190
205
185
155
166
129
213
197
158
197
131
368
251
1072
504
217
337
124
176
199
447
150
178
295
423
159
169
299
211
352
153
175
201
241
306
205
152
230
341
1033
124
205
160
474
159
182
194
158
384
165
178
405
231
268
180
204
327
117
264
189
366
240
259
181
201
229
162
170
193
222
127
167
188
210
133
285
180
209
122
144
127
190
519
138
159
206
214
229
265
172
203
223
241
126
236
215
346
139
179
204
125
156
151
234
472
244
278
289
306
147
262
411
216
289
204
168
243
370
143
173
181
211
535
257
177
217
246
346
122
153
328
334
155
177
399
325
248
123
198
317
239
169
203
315
257
301
174
408
547
148
177
397
212
339
122
419
223
131
154
142
341
232
164
171
145
263
124
172
148
170
179
127
117
124
123
130
115
290
283
736
127
292
133
193
345
157
898
128
169
328
290
716
142
247
153
148
160
118
226
194
153
607
138
256
349
177
145
334
121
182
179
181
249
160
133
339
142
206
123
185
200
134
133
136
126
149
129
135
124
120
253
412
388
367
277
153
179
306
530
457
119
221
218
387
150
244
399
294
615
436
197
1020
247
699
124
126
256
186
1064
1028
1155
302
231
345
162
125
207
122
479
170
196
216
522
275
251
276
163
168
272
251
137
296
268
234
507
552
214
471
214
308
345
164
138
204
131
562
161
195
1071
1007
264
170
196
254
489
247
228
209
658
370
183
340
420
337
180
183
197
138
348
473
289
413
335
149
201
195
221
140
162
224
206
433
136
170
254
507
727
291
193
306
323
245
180
476
217
243
126
133
199
362
127
287
879
1036
1048
140
259
182
224
650
125
146
314
517
284
1046
200
200
254
243
253
280
413
2836
1814
2212
1211
196
173
336
239
191
259
195
218
444
143
197
296
238
346
155
121
199
341
142
162
183
215
249
623
177
477
318
137
1044
130
134
267
136
275
126
229
341
131
188
190
304
125
166
160
462
332
1574
557
334
153
446
147
220
1046
185
233
338
168
160
184
123
432
121
170
190
209
359
264
207
290
270
183
212
189
350
474
807
1362
335
273
214
341
207
124
305
248
133
1282
1446
457
383
260
321
1090
1448
446
264
182
213
223
147
293
189
133
333
152
206
208
223
144
181
396
217
246
255
293
1414
406
648
370
143
218
233
126
1047
124
259
444
125
304
466
310
238
206
249
216
217
238
161
193
375
135
354
165
150
121
685
564
208
214
444
263
177
189
216
438
1129
175
178
307
385
1081
1016
187
245
125
249
161
117
145
432
148
175
132
418
442
161
179
219
198
407
169
188
214
723
129
175
216
326
141
165
199
214
237
151
173
197
220
159
453
184
121
138
280
370
446
123
295
386
321
213
337
158
182
146
325
144
181
297
223
137
155
186
202
130
254
169
1047
225
126
242
144
281
202
173
1046
152
1051
128
200
222
144
167
192
214
122
154
189
201
430
146
169
195
422
347
162
138
210
132
317
192
224
314
146
187
364
837
297
141
191
203
151
147
174
192
124
340
173
184
208
129
153
173
200
207
451
178
1075
1063
130
299
1088
1044
169
221
279
330
186
207
335
157
178
190
212
283
260
181
207
237
149
288
205
222
129
162
289
210
451
119
185
202
243
154
229
518
213
349
1177
184
199
328
140
167
188
213
237
166
179
203
232
156
172
191
218
249
186
187
290
295
680
223
194
288
1134
1043
594
155
387
335
160
284
336
1052
331
1196
274
214
1442
468
123
165
186
204
328
153
172
194
422
249
570
201
422
232
255
144
138
218
148
160
205
230
433
126
167
167
222
277
229
278
197
230
261
252
300
254
1745
1130
191
175
196
266
382
159
287
211
339
136
271
200
427
178
302
192
217
244
140
167
184
222
454
226
183
310
228
139
160
1107
125
1093
196
358
160
197
214
140
158
180
292
330
240
155
176
201
222
142
162
122
208
233
155
172
196
233
136
261
184
204
430
134
479
204
220
352
183
503
218
277
165
267
194
302
238
165
584
199
240
150
177
189
211
497
1410
423
328
327
305
1039
147
175
317
380
463
197
316
210
456
194
186
217
261
125
177
210
229
441
120
192
207
332
145
168
292
215
350
155
185
202
324
466
178
201
312
447
152
176
825
324
407
493
439
168
348
120
131
195
277
344
163
387
307
236
156
181
191
227
260
154
180
209
489
365
117
200
211
335
151
172
194
325
136
167
183
204
327
149
171
193
219
438
367
177
131
434
347
164
293
440
349
523
154
211
332
155
167
209
342
244
135
1052
275
337
434
127
148
213
216
136
162
313
235
304
155
391
420
279
477
175
181
1085
1090
1114
199
200
223
454
167
190
201
238
405
178
187
214
265
223
189
213
320
135
171
118
242
279
288
415
622
150
143
377
199
323
446
159
134
191
228
347
172
132
301
443
145
177
312
419
351
191
193
152
339
155
185
198
423
255
155
174
200
129
163
271
561
267
384
424
188
225
444
155
334
2289
1263
239
327
450
173
1049
241
251
254
152
494
204
441
214
1023
187
127
239
254
193
189
212
447
125
188
209
433
145
167
188
214
227
155
188
204
126
255
168
196
220
136
163
179
221
238
454
176
321
234
482
329
293
141
442
169
185
198
303
460
173
387
1066
1071
138
209
166
190
229
247
555
338
228
154
168
188
198
237
151
178
201
220
444
118
208
220
435
190
175
127
234
349
275
196
213
348
271
232
212
348
156
127
199
225
246
187
180
202
255
477
131
203
234
162
120
260
149
1012
165
179
195
328
147
163
195
318
339
122
179
366
370
322
1168
736
229
271
491
320
214
228
231
313
144
238
252
246
201
247
221
433
165
173
122
123
146
125
195
223
131
177
180
214
334
183
142
192
215
255
169
191
214
241
157
183
124
125
149
170
193
228
443
264
183
134
446
354
168
299
439
460
181
145
543
282
148
172
195
140
140
124
153
209
354
168
181
205
324
140
171
196
133
229
152
191
121
217
148
172
194
208
295
158
177
411
228
351
187
194
203
123
172
460
414
246
251
242
295
213
343
976
785
268
175
310
229
193
216
439
215
291
256
227
650
189
139
203
224
160
180
139
130
238
162
180
124
148
262
124
187
209
436
161
181
196
220
128
164
343
209
135
147
175
197
136
231
156
182
200
228
155
168
126
308
242
146
180
198
227
132
165
198
207
337
245
167
289
229
232
127
174
195
123
446
189
293
205
245
134
183
202
214
276
277
191
203
445
166
128
204
417
345
155
277
204
342
259
181
210
312
131
729
492
314
785
284
1105
759
1238
325
595
343
244
215
174
374
995
211
436
357
272
1058
1225
230
324
173
298
552
131
569
179
207
254
345
206
232
276
640
1133
156
279
373
163
233
182
172
190
211
439
159
175
198
424
132
167
190
207
343
122
170
194
222
145
171
178
201
230
1068
434
298
212
449
298
384
123
225
248
167
194
416
241
152
186
197
127
240
160
186
201
223
148
125
131
215
450
217
183
428
266
1022
155
177
200
221
174
186
989
320
242
150
124
308
427
244
167
314
218
267
358
197
198
224
347
163
141
125
225
167
181
126
217
117
169
175
201
1029
3438
2437
1422
398
2047
1033
214
430
144
194
1028
228
222
140
282
390
432
316
222
222
195
218
236
165
200
210
230
128
198
200
1018
555
160
179
201
126
355
373
186
209
340
260
175
224
354
247
721
144
127
290
153
287
134
218
447
162
183
134
427
362
278
198
218
144
163
138
262
120
171
1093
127
308
246
341
225
187
322
234
156
170
198
136
244
198
199
314
342
153
143
199
415
198
165
190
204
329
172
170
139
215
600
158
276
226
428
149
169
195
118
340
159
289
204
329
172
168
189
124
244
354
180
203
234
150
183
199
217
276
265
299
205
229
244
272
194
132
470
163
137
210
231
328
231
142
326
247
162
188
207
1166
1066
330
171
189
570
163
1033
256
312
157
202
387
220
509
1116
134
1053
275
1050
161
1156
1015
259
552
126
328
270
195
192
239
243
172
183
209
232
152
174
195
222
250
201
226
237
475
1041
174
194
295
1367
561
743
1023
390
252
1062
160
1512
534
234
334
252
175
299
320
241
161
181
209
194
247
171
249
208
437
369
178
201
221
123
164
185
209
436
149
175
192
217
451
129
183
127
330
147
476
192
217
125
198
226
199
258
148
162
184
210
231
132
187
191
331
130
158
180
246
1044
129
265
181
202
322
144
266
295
517
489
152
212
300
636
260
128
260
293
233
133
172
198
224
1037
515
153
177
212
428
178
180
499
317
357
204
248
463
1118
136
650
372
282
207
441
1044
249
1033
127
315
429
443
161
185
220
464
232
122
199
216
343
161
180
203
383
160
375
235
314
337
1101
127
214
146
124
156
269
256
233
147
292
190
212
335
180
178
130
122
259
162
186
123
248
163
178
220
804
1650
1072
1374
537
1057
2039
1124
194
365
193
359
218
132
116
182
203
1049
217
343
163
1206
239
451
440
1071
504
583
283
326
1045
185
126
125
220
229
145
270
189
118
442
205
285
177
1080
1040
256
475
191
216
401
155
281
215
246
174
171
127
218
1035
1009
151
178
198
215
136
158
185
208
326
150
169
191
520
237
159
195
305
434
145
171
196
138
346
158
179
157
1157
174
298
1041
137
1117
1057
1103
1011
192
307
452
363
182
194
146
141
160
185
206
329
154
173
210
321
117
162
189
205
229
151
172
202
235
1033
143
184
196
581
296
470
190
208
430
245
252
253
219
144
1065
1105
299
199
151
143
168
120
212
134
156
128
201
332
147
171
192
217
137
124
186
206
231
460
122
197
219
143
166
196
213
136
154
176
218
428
145
275
192
135
138
2105
1081
1067
156
1183
205
155
181
1074
1007
319
235
166
129
234
838
152
188
196
240
444
153
175
209
218
143
165
397
215
125
267
180
250
319
239
169
401
218
438
143
218
187
211
439
165
277
216
228
355
167
147
210
130
129
171
211
226
249
158
179
202
225
1033
142
165
192
207
541
1033
1062
177
522
1068
296
366
183
167
243
462
171
195
1310
298
1293
279
173
193
331
138
159
462
323
330
147
1028
215
564
217
146
268
190
234
334
154
473
216
213
286
170
176
196
221
458
122
185
213
444
152
177
200
424
138
166
187
1130
142
1518
527
511
210
1056
297
147
170
246
1069
1055
1011
211
385
199
228
243
179
196
312
436
167
1006
195
216
347
158
180
209
328
149
170
190
215
241
155
182
203
368
372
815
266
1244
321
327
327
1047
1035
1108
155
1029
1050
1217
240
231
462
165
187
215
439
158
174
200
127
138
161
183
126
241
147
172
195
226
238
167
1052
189
129
461
467
180
303
228
127
273
192
451
336
154
175
300
117
241
168
227
210
226
454
376
202
138
135
261
191
212
327
145
271
191
431
404
301
583
198
1017
232
150
179
199
221
445
379
183
207
304
151
278
210
143
342
160
282
281
153
144
170
189
217
237
128
175
199
232
450
176
131
207
442
150
205
199
221
342
266
288
218
452
167
170
216
217
244
157
128
210
327
150
170
293
218
293
264
192
203
1016
246
162
186
212
1062
239
159
180
204
242
147
169
188
211
238
157
159
201
126
142
161
260
286
128
152
170
554
131
238
163
283
203
328
253
179
416
235
139
265
183
204
231
148
178
212
216
485
158
179
311
440
124
280
144
443
342
168
238
293
1036
324
147
168
193
263
443
160
203
201
848
155
175
277
134
258
126
388
212
237
172
181
199
241
119
372
189
214
454
157
123
204
125
150
171
194
318
341
163
203
209
140
150
193
195
2135
1113
426
1087
174
343
2091
1090
132
295
1614
946
4197
3180
2156
1132
138
239
1033
173
1079
281
1604
599
126
1338
333
324
121
214
186
205
245
151
169
191
234
455
156
180
134
234
141
163
198
207
337
150
185
297
322
147
163
182
205
245
127
13352
12342
6198
128
594
14026
2792
1768
348
202
274
1709
703
170
268
206
409
150
375
651
336
248
161
182
203
244
118
209
196
248
443
125
175
201
231
126
163
187
210
336
149
171
194
1034
229
135
168
191
214
138
154
179
201
226
140
166
188
210
132
157
1043
171
192
217
446
160
200
427
236
347
168
1066
140
215
258
189
177
244
219
448
161
184
211
435
356
177
304
1084
134
175
175
250
320
271
180
236
226
131
146
170
205
128
235
173
178
202
226
166
168
255
212
456
266
352
241
325
142
280
195
1235
322
450
184
389
1046
130
659
163
259
203
144
146
204
240
239
335
157
130
199
327
144
126
187
207
229
157
173
201
221
448
159
190
208
437
151
176
117
519
140
166
183
205
430
151
170
124
226
140
160
182
205
227
146
170
203
126
133
121
175
199
428
143
374
195
121
338
179
191
200
576
380
269
191
213
356
1056
142
222
339
162
161
204
205
258
162
174
196
122
142
216
186
207
439
362
179
207
424
151
176
260
129
259
134
200
307
131
203
172
201
222
239
164
187
211
232
134
174
124
222
188
271
203
168
542
266
178
313
455
244
274
306
327
242
264
188
212
358
160
278
422
330
143
2135
2085
1061
167
241
241
139
194
212
235
158
184
249
346
248
334
243
423
305
134
221
208
279
220
129
197
221
244
158
184
210
229
151
285
201
153
245
166
197
213
440
157
179
203
435
147
143
320
349
397
185
190
233
163
173
254
1025
227
247
190
226
324
235
170
1052
183
204
538
146
169
192
215
341
159
188
205
336
149
178
606
291
357
170
398
320
340
1014
177
243
346
177
172
467
220
849
183
191
242
412
157
1380
515
219
441
158
179
130
433
141
276
201
271
335
124
171
200
321
171
165
1626
675
277
550
136
183
213
438
176
125
117
425
144
159
182
204
202
122
124
199
222
402
1045
131
149
210
440
132
175
217
223
280
182
183
122
381
1066
143
167
211
218
260
161
176
173
430
249
423
266
210
334
255
175
220
225
123
160
180
202
226
145
124
194
213
341
183
135
124
716
152
174
247
189
346
161
186
203
340
254
168
197
216
131
124
120
160
228
249
171
308
215
159
160
180
227
329
123
167
188
212
1267
268
178
200
939
350
783
133
234
149
162
230
214
129
247
173
239
218
445
174
180
405
225
254
144
203
122
334
147
279
194
320
157
171
203
128
121
148
133
197
214
446
169
184
202
429
146
169
763
145
239
266
288
218
334
252
186
201
132
418
571
1035
1024
783
219
175
193
318
412
167
178
211
138
242
169
259
308
229
249
583
218
320
209
488
187
202
225
145
167
192
219
478
157
179
1046
1101
1160
161
1109
379
204
230
767
225
270
424
444
164
179
211
463
149
268
124
219
129
159
175
200
429
253
273
189
314
541
152
195
306
1063
346
382
182
203
432
348
165
189
211
129
462
380
135
1354
337
144
222
300
203
225
204
174
226
228
444
157
178
669
222
168
170
212
215
339
340
143
1023
218
136
162
258
2566
1612
588
260
1893
1280
306
275
241
160
201
129
236
248
270
190
219
240
186
177
198
221
141
290
210
1036
367
342
160
183
279
328
142
143
289
206
229
267
173
195
242
239
159
294
206
619
270
292
303
428
132
165
183
228
334
259
276
219
2977
1968
944
1066
319
263
335
468
194
361
236
237
266
1116
1100
1328
326
170
179
187
328
231
160
176
199
230
144
126
208
210
519
133
243
199
247
162
172
188
219
332
1199
301
199
932
150
266
223
313
181
131
230
208
545
303
1012
511
336
525
153
205
122
548
251
172
208
314
143
128
137
198
350
271
380
394
1340
361
428
634
159
360
253
217
190
207
237
514
174
199
120
145
165
188
225
582
256
178
207
433
175
174
198
325
139
128
182
207
229
152
180
136
220
162
170
291
215
237
170
146
278
177
288
227
1115
158
473
545
336
155
131
177
245
390
160
597
150
483
194
210
126
159
154
209
221
145
166
128
215
241
264
180
360
445
268
171
207
224
138
188
267
132
345
193
203
205
332
149
486
241
1039
221
139
372
230
209
510
206
177
198
427
147
168
123
169
341
158
181
124
243
266
276
133
324
140
166
189
331
251
174
178
323
256
246
122
1031
531
240
140
163
191
214
246
257
254
1032
224
135
469
1323
338
222
447
256
135
233
213
332
1196
1012
215
148
131
128
178
278
1054
1099
354
190
189
213
134
155
183
141
429
251
273
218
415
389
329
198
336
434
248
168
204
211
231
193
603
2563
1560
536
240
219
1268
262
301
230
151
1084
178
275
221
2081
1977
953
161
207
244
201
147
185
239
1342
369
320
169
1010
126
252
145
168
190
126
144
155
178
200
435
143
174
190
533
949
217
456
271
222
151
243
229
420
131
157
175
228
551
140
169
486
513
131
153
192
194
328
246
377
119
204
228
1023
258
283
209
432
125
172
192
316
232
173
381
203
326
142
165
186
213
416
252
402
303
234
140
176
188
213
435
355
172
1056
174
343
262
282
202
221
150
242
188
210
231
155
178
132
246
1022
158
126
128
294
318
1167
1019
740
231
451
145
612
1009
255
332
1060
1120
123
1120
176
491
215
333
149
273
193
444
342
166
305
216
553
760
164
198
399
252
317
291
278
436
492
235
209
214
234
256
180
198
225
448
200
198
209
798
398
281
214
269
446
380
1263
286
337
1074
139
304
264
352
151
170
192
317
242
227
260
205
234
956
173
296
330
256
161
130
203
326
141
202
186
207
435
128
191
207
324
140
219
250
241
552
2133
1170
219
171
142
180
122
168
1069
133
189
332
235
157
178
199
224
150
164
186
120
370
153
127
222
838
367
169
534
415
442
1183
344
218
248
142
1058
157
184
234
446
212
180
199
221
143
166
502
384
259
1079
1016
202
245
145
165
148
337
236
161
228
267
430
147
168
522
294
243
162
185
330
247
201
174
1020
211
243
274
1048
269
191
234
138
175
181
347
1056
1046
120
135
218
1070
1004
248
165
192
284
131
235
180
213
436
127
170
293
218
121
165
185
309
338
166
278
215
223
150
169
189
215
137
360
132
204
247
150
174
197
237
650
1089
878
274
211
437
1178
236
281
254
324
246
182
496
313
540
162
202
307
325
292
272
190
1040
221
329
360
1057
976
231
316
247
251
175
306
327
254
181
388
303
436
1038
1034
133
191
209
157
154
181
197
348
1061
235
173
335
204
1040
1307
320
144
193
525
141
160
1032
188
279
1015
147
267
193
266
275
230
1033
272
196
423
141
259
178
221
430
147
1112
136
1019
195
418
339
383
1119
134
272
353
354
181
300
321
134
158
178
304
440
156
171
233
224
131
159
234
301
329
350
167
308
131
240
261
222
301
220
132
206
289
326
435
151
281
367
320
247
1047
570
1042
1008
1035
239
528
182
217
550
697
142
181
1049
1095
126
153
279
525
428
144
165
286
427
134
1086
1489
488
312
428
138
397
200
215
157
470
1120
174
199
137
250
179
206
217
542
153
194
319
240
244
1036
273
241
123
327
148
276
194
217
1028
122
188
194
215
1075
1008
167
201
206
335
171
178
195
229
1093
128
387
206
225
168
271
193
317
173
157
194
203
329
123
274
192
223
254
178
183
231
294
455
240
201
233
135
161
198
221
231
1037
254
169
193
220
447
163
179
233
224
350
170
1066
1060
152
145
1049
256
287
205
228
155
294
1039
1038
1058
127
1035
194
206
465
291
172
446
294
149
174
183
308
358
1051
1092
155
257
133
146
138
196
223
144
287
208
213
240
159
124
204
234
357
1027
167
189
215
522
160
182
153
532
149
1102
168
284
237
1099
2085
1087
401
206
130
162
262
188
1124
126
452
251
169
399
316
240
1046
158
1017
232
236
216
161
283
308
327
250
170
193
311
338
462
176
203
224
437
162
288
207
434
154
171
196
220
136
159
206
281
448
162
290
294
315
141
156
178
201
324
163
168
186
230
355
1094
134
440
205
330
147
170
200
215
149
157
170
306
1045
1086
679
312
211
130
1077
130
139
225
335
1044
265
1031
195
337
637
182
202
289
740
152
125
391
417
244
166
179
369
265
251
165
193
212
383
156
175
201
221
242
162
188
211
373
124
172
193
421
136
160
180
204
226
145
176
289
270
138
158
177
207
282
269
1083
152
485
229
254
185
195
222
354
284
322
1108
1007
228
159
170
192
213
133
1028
160
283
270
435
150
176
207
272
133
156
309
264
1066
133
266
185
538
1095
158
157
272
394
240
147
1039
157
300
205
2149
1122
143
187
217
501
211
438
159
182
343
424
146
181
292
1116
432
227
452
452
195
235
523
1065
371
281
232
400
374
181
1012
1024
1055
184
185
243
329
406
279
200
567
159
175
182
207
328
274
1062
144
1159
1066
241
177
206
212
543
259
191
198
134
145
294
206
418
474
254
177
212
428
242
265
188
222
436
150
382
195
719
895
1016
166
200
242
246
165
188
215
237
1094
186
464
417
200
144
215
217
342
166
187
187
331
134
254
147
229
1044
1461
468
187
1128
194
251
148
168
149
421
149
258
181
316
331
157
177
409
1117
1325
541
669
195
817
237
257
1113
276
201
274
1068
1022
125
123
200
431
153
167
194
215
134
167
189
206
129
154
123
194
216
1035
139
161
184
222
285
158
178
209
292
262
168
275
219
554
168
181
207
227
126
273
411
418
1264
246
174
197
121
1048
1068
1184
197
215
267
151
295
128
209
234
158
194
197
429
237
167
201
304
255
250
188
161
315
136
259
190
206
373
164
168
590
324
237
187
277
1134
243
653
145
283
125
136
213
178
192
234
131
187
406
316
135
148
181
187
327
163
355
174
208
218
351
208
194
207
328
146
373
216
229
261
262
179
202
1067
147
152
193
399
418
239
160
222
314
122
214
775
192
224
443
1033
185
205
1136
236
176
177
1108
122
241
137
122
193
202
419
157
122
207
1081
127
362
169
1041
192
306
257
144
178
263
220
435
151
122
301
1019
432
170
157
201
225
495
1037
149
179
210
182
256
171
1159
150
1025
1033
130
149
197
143
217
127
183
180
204
263
172
169
210
260
337
156
183
198
346
153
267
156
322
361
275
129
266
343
160
159
258
321
453
142
183
297
337
363
167
213
326
1111
188
1055
1024
390
1084
414
539
191
187
148
754
148
169
188
1031
951
138
1012
194
206
444
1042
154
378
314
218
344
172
389
224
243
258
503
517
1053
1065
127
391
351
529
260
274
312
132
334
359
197
205
131
459
469
209
319
341
377
286
1084
158
343
465
189
293
386
340
1037
172
180
316
332
146
170
299
176
127
174
293
204
454
255
175
294
433
339
181
184
205
433
148
170
201
319
138
1104
137
159
335
151
184
193
219
119
159
197
626
229
149
174
196
216
136
160
181
204
227
164
168
190
320
136
174
195
206
452
153
1028
168
219
218
135
1027
1009
189
312
338
365
315
1459
699
265
275
492
328
1278
324
1024
200
1030
222
961
257
177
117
119
156
174
120
519
441
158
181
206
240
153
176
207
471
139
165
187
208
334
152
188
198
1066
258
165
210
225
1061
233
466
231
725
616
1025
207
261
316
1049
126
153
180
150
207
343
163
306
137
225
136
163
177
200
118
140
165
198
211
341
383
126
219
130
1078
150
1048
195
216
735
152
180
412
226
448
178
186
208
220
146
165
193
224
1033
445
152
132
295
233
613
151
186
201
458
1027
138
161
181
511
239
164
181
308
230
251
157
1028
317
249
233
256
178
1042
522
163
605
309
292
333
161
402
186
626
454
223
193
238
325
148
170
318
244
247
152
397
208
221
144
167
183
205
241
161
285
254
183
498
128
399
214
239
160
181
213
256
132
1051
166
376
509
220
145
165
1073
145
120
136
158
190
1010
225
442
451
184
201
222
245
127
174
1030
226
145
322
256
517
448
167
491
206
127
456
214
494
240
451
780
270
793
133
158
1208
240
129
419
330
159
154
211
1046
216
351
650
229
312
244
1047
151
175
122
311
332
352
167
1031
310
525
150
211
302
281
437
142
291
350
235
237
189
282
306
123
1037
344
184
185
206
435
462
173
197
1051
140
138
273
314
519
1033
358
157
419
534
209
165
407
325
1167
161
1399
496
165
1444
441
366
283
252
233
263
1075
1013
747
129
467
160
229
224
245
476
290
214
337
360
177
201
361
1070
1110
204
256
436
258
187
329
235
160
270
206
214
232
256
285
213
225
450
166
189
241
233
1093
1019
274
1046
1017
178
1027
1009
1066
145
189
194
268
652
213
1091
190
606
225
157
282
135
232
158
177
184
303
227
1022
1097
1241
327
246
180
183
194
235
1071
247
340
1028
221
247
124
1058
1201
199
329
172
169
219
226
296
153
188
201
329
145
1074
173
208
220
476
204
210
133
153
174
308
1022
475
294
208
204
243
149
172
207
421
139
168
186
317
345
257
178
226
434
148
172
228
216
137
158
117
206
433
188
172
195
1055
1258
438
194
329
318
355
156
584
215
1169
225
378
411
1043
427
447
164
187
195
1115
135
491
138
196
327
643
145
178
199
222
141
164
186
209
125
123
173
195
220
136
159
595
532
633
469
191
213
220
459
142
1200
212
325
1031
247
168
190
211
340
158
280
200
223
124
169
186
1033
1344
343
1693
885
151
339
449
190
245
1052
132
351
177
520
1032
131
442
155
174
209
222
139
166
185
348
351
290
177
421
1041
225
250
177
189
1025
1508
506
1767
852
318
533
1068
260
277
192
154
247
621
274
1024
125
322
240
160
587
241
549
1106
170
175
208
537
1026
146
137
693
329
342
176
192
201
523
1052
135
198
398
346
263
502
1052
295
1093
1024
135
1020
185
549
346
144
341
201
436
141
161
183
207
330
150
177
1642
1043
135
465
233
705
613
1046
675
461
704
849
1375
351
172
319
358
345
155
314
252
344
174
126
187
311
437
152
177
250
324
1083
137
1911
1025
1441
625
1322
571
1035
1213
1032
1054
2025
1023
158
321
1023
375
202
2052
1045
1034
130
354
279
404
130
255
479
605
327
1055
118
445
274
183
206
450
538
379
296
423
344
164
185
207
449
479
352
408
873
174
582
410
227
444
487
195
219
249
156
264
200
422
284
1051
176
305
1018
317
247
470
128
339
145
803
1030
1057
123
128
149
394
204
232
2075
1051
131
461
180
1058
292
1164
204
157
1036
131
252
156
512
205
424
249
466
183
319
233
151
174
202
424
118
167
191
215
237
157
189
203
334
146
171
194
426
142
166
309
1663
1113
2393
1391
491
214
234
157
485
206
216
1034
258
140
192
1107
183
1128
142
169
188
439
229
561
164
1029
289
220
233
255
177
216
346
344
194
185
129
467
251
169
192
217
136
156
179
199
346
1057
255
196
210
237
358
168
143
684
149
168
387
210
231
255
379
384
213
1053
1078
165
194
199
227
243
174
1072
1019
124
344
150
576
194
217
136
160
181
208
227
147
168
1097
155
337
152
482
1095
1033
1061
158
160
397
1340
639
360
366
196
207
437
150
123
197
321
141
165
194
206
329
148
169
193
216
238
156
178
200
325
142
166
187
211
505
162
453
1046
1243
249
1052
1009
189
315
1066
436
124
199
273
326
138
420
1040
1017
213
333
150
182
198
216
444
159
426
207
374
144
166
189
202
143
165
179
201
226
147
184
187
211
438
168
175
425
222
156
267
188
207
434
136
380
193
225
286
468
191
125
452
147
332
396
430
253
160
182
202
429
146
176
122
216
449
163
175
414
347
141
175
194
207
433
150
123
197
323
142
172
184
207
433
148
171
195
320
137
162
197
124
429
146
176
191
263
444
159
184
203
324
141
164
187
312
335
153
175
240
320
141
162
237
308
335
148
171
296
125
182
172
264
215
432
149
202
303
342
1436
432
475
394
128
340
1045
383
125
124
222
260
282
203
339
466
1268
318
535
351
1094
164
1090
1022
1044
144
370
151
515
534
136
260
387
429
331
148
499
784
333
150
1118
1401
482
333
247
253
280
502
231
524
470
134
310
322
1085
181
202
329
351
143
208
1101
200
1030
582
181
216
162
355
173
194
216
448
365
185
206
330
1042
1007
208
750
216
256
296
319
248
170
143
217
237
1077
123
176
138
321
142
179
208
212
232
211
178
202
431
144
170
192
217
238
159
184
215
602
270
178
206
1128
140
561
232
259
227
396
152
299
207
1015
440
266
180
218
139
1051
117
185
175
333
261
290
214
331
148
177
202
211
349
157
179
209
329
148
169
195
332
139
162
394
211
258
263
180
318
142
152
176
1037
344
1238
356
291
287
309
341
475
1726
695
222
230
131
523
1075
185
2345
1331
537
982
289
185
221
437
254
236
121
330
141
178
187
208
229
149
121
319
1019
655
158
1308
302
327
530
255
161
189
231
1353
330
166
198
220
339
242
281
419
327
143
368
289
229
248
174
178
312
428
150
163
194
208
331
149
285
195
124
138
164
181
219
329
146
178
191
212
438
157
402
1032
512
462
181
196
254
494
1061
123
387
215
215
1409
391
1056
166
235
417
232
157
179
125
226
333
1020
412
233
407
1039
162
278
204
237
137
1091
153
393
442
152
170
190
208
438
150
183
1086
1087
539
147
280
187
176
174
322
169
199
537
552
159
193
467
405
147
175
200
262
658
155
293
216
630
331
123
293
181
247
148
187
156
329
360
216
124
215
535
149
169
210
316
343
160
183
205
223
144
166
188
212
136
154
177
199
235
761
134
1006
128
342
482
191
315
285
157
362
1025
209
436
269
485
1117
200
133
641
195
200
411
234
1065
133
184
193
323
144
127
192
414
279
140
166
480
939
349
1070
157
181
1014
260
149
127
186
227
1004
1398
372
173
200
337
237
165
588
320
345
159
1089
118
319
231
136
411
131
202
253
126
277
1036
184
223
551
160
173
145
433
148
161
187
147
345
270
298
199
327
358
303
1027
523
596
540
239
401
1047
1073
1073
1012
609
584
613
429
1110
1035
1322
320
364
339
189
217
545
157
188
204
243
159
190
514
322
262
392
798
396
454
1108
131
429
545
1071
171
165
302
236
3231
2208
1184
1297
296
295
276
335
251
1096
197
1053
252
252
168
312
224
143
159
186
204
430
147
177
200
210
244
946
295
223
242
150
1051
134
214
365
1068
420
1915
900
205
423
241
375
190
209
1255
232
1046
128
167
210
118
141
123
177
207
437
121
163
129
122
436
151
173
196
322
139
181
184
331
117
366
133
246
333
263
242
180
300
222
233
178
196
219
274
1057
155
197
658
146
273
387
221
603
250
178
383
1025
439
178
237
148
205
224
144
166
193
210
232
156
184
414
1080
983
271
182
219
334
140
160
138
125
441
147
1019
270
333
326
1041
254
381
281
319
241
152
1095
1005
393
225
250
188
178
199
342
355
166
195
219
150
158
125
1038
134
364
242
184
210
225
151
176
190
219
237
505
277
210
328
145
162
185
209
335
290
170
224
449
250
176
184
422
1104
545
285
310
2066
1036
205
346
273
179
713
132
538
127
180
210
336
145
180
188
213
449
669
182
203
234
152
169
192
222
143
154
179
204
428
142
165
187
209
232
153
176
198
418
143
1116
191
408
550
167
184
306
350
458
1078
1036
123
129
135
158
187
406
238
245
126
129
417
440
178
324
217
230
144
165
130
211
335
154
185
206
221
241
132
188
211
427
156
1016
194
242
568
363
184
174
1036
359
126
161
186
254
332
156
180
253
426
149
170
187
315
451
156
290
260
432
149
156
397
326
489
166
186
319
1172
221
296
294
427
231
1111
124
1122
199
1030
158
263
358
199
212
257
1102
175
424
248
262
514
204
330
236
172
220
963
1071
1079
2018
1037
1433
472
147
1036
187
623
223
154
167
489
510
227
147
479
715
424
353
575
308
1032
212
313
581
299
1032
287
449
310
395
206
232
260
282
407
225
238
466
181
205
340
250
171
185
218
245
471
187
162
336
257
179
203
432
361
171
200
223
242
496
212
220
253
767
167
263
234
478
264
194
330
363
161
184
209
242
458
176
199
634
1193
481
1071
1205
212
452
359
181
212
336
152
267
290
208
450
152
177
195
321
138
163
116
214
431
130
168
372
318
253
349
207
227
394
647
182
262
241
245
129
187
203
431
149
164
187
214
230
150
115
195
422
137
171
191
215
347
324
382
408
421
346
127
183
211
244
157
183
192
438
134
158
178
202
327
152
171
192
216
548
326
189
323
644
1059
339
185
312
426
336
1012
1007
160
219
235
167
202
1034
205
440
131
181
189
319
435
326
175
325
259
146
180
279
219
228
136
170
193
423
137
258
180
228
385
342
194
305
336
1051
127
174
208
438
158
170
194
1039
216
252
162
176
196
323
251
164
1228
226
1066
230
170
1121
184
1027
235
127
205
308
456
141
265
281
122
244
248
166
190
211
335
163
201
300
238
157
173
193
220
234
672
181
402
227
165
263
197
298
551
250
123
209
213
548
187
182
201
431
552
165
188
270
286
635
313
1108
1474
663
342
291
1042
224
1025
134
149
198
212
156
163
1053
1046
1009
334
1068
239
166
289
209
335
334
175
318
212
233
251
126
199
137
251
269
192
1115
126
623
256
1036
284
206
223
136
439
192
203
440
153
270
191
316
117
120
124
408
240
529
181
394
455
341
179
1228
245
225
256
168
190
212
443
181
189
210
152
325
167
191
218
552
195
289
203
377
160
264
189
215
437
165
155
213
134
149
364
298
1445
508
470
179
192
219
544
178
193
207
543
148
208
209
1044
508
844
246
404
206
430
140
161
391
210
231
151
392
197
1030
387
987
127
199
259
337
165
190
315
337
148
179
198
419
142
267
184
281
266
364
213
194
321
130
167
186
231
356
194
287
321
1014
347
151
123
411
127
123
120
136
117
139
170
1042
121
144
223
187
137
317
237
281
252
234
131
133
293
203
140
133
210
391
311
358
251
288
318
337
144
275
299
219
138
277
1604
580
560
171
205
176
198
425
343
584
1019
199
251
273
300
187
1032
424
126
165
1108
693
433
184
247
298
306
240
153
481
500
443
743
190
218
210
453
156
383
406
598
276
170
305
229
220
1020
300
1038
157
253
275
180
129
184
141
130
410
228
233
1051
693
214
336
174
391
167
314
220
472
154
293
223
442
177
163
211
328
341
171
169
211
333
248
288
200
270
246
169
190
1012
128
191
190
166
213
437
155
173
206
337
241
160
183
305
517
142
191
209
1046
226
162
176
514
230
1022
151
176
196
323
138
163
209
274
340
668
149
175
1467
461
169
189
1032
122
452
153
162
195
207
433
148
183
201
1043
1062
147
306
1328
573
221
338
376
177
210
430
336
255
184
197
229
141
161
184
207
166
148
118
119
426
140
160
124
117
346
149
173
197
221
143
200
121
206
337
125
129
195
317
139
161
196
209
328
352
179
194
215
442
160
183
212
225
247
167
199
213
440
155
183
203
334
142
164
186
929
303
2492
1679
655
1107
149
1029
221
247
349
472
313
252
278
131
189
130
438
360
178
204
223
142
119
189
216
450
157
176
206
220
248
174
195
326
867
138
1048
1054
145
829
697
1277
385
193
320
478
152
180
197
326
139
182
117
125
129
352
177
196
322
252
171
124
208
433
155
172
196
320
124
159
184
204
444
125
171
215
370
1972
2081
1081
598
324
2341
1336
312
600
302
1123
1038
230
259
273
194
215
141
158
180
202
224
156
186
198
211
438
154
179
200
223
146
165
186
208
334
151
175
195
219
140
165
182
203
123
145
171
190
212
440
258
179
201
426
145
267
193
215
124
155
179
203
132
142
163
123
223
437
151
174
198
425
122
179
186
211
440
212
177
207
227
144
167
186
209
336
153
176
202
427
145
166
187
123
235
157
178
200
433
145
168
201
213
442
158
182
204
330
149
173
204
217
181
174
1213
390
2462
1447
423
396
189
431
122
312
156
181
305
334
147
178
247
344
120
164
123
315
441
162
186
307
328
153
270
236
233
137
160
239
309
335
153
175
122
427
121
165
294
317
339
161
132
118
337
235
282
301
328
130
226
292
121
337
156
217
305
430
145
214
126
325
140
162
292
311
231
154
278
303
531
145
218
122
303
149
190
284
308
333
355
299
299
224
120
133
294
315
336
202
123
309
120
122
284
296
423
138
367
291
210
240
215
121
201
328
195
117
294
216
199
277
394
208
344
255
382
309
426
189
279
295
221
139
265
288
215
333
256
287
119
227
194
270
190
217
182
126
283
212
432
252
275
195
323
242
280
189
211
441
260
502
219
223
262
380
412
332
1079
1055
599
310
350
1045
368
704
1082
120
452
148
178
499
540
565
174
183
516
532
151
168
394
416
133
166
280
302
222
141
265
166
122
432
153
273
295
217
137
470
488
208
331
352
374
129
213
250
269
178
200
427
452
476
188
312
335
357
174
196
219
242
472
185
208
333
251
176
195
323
443
160
182
205
334
251
169
192
218
448
160
181
209
329
341
168
199
223
463
159
181
200
327
119
168
192
210
346
159
174
117
220
143
170
203
207
431
146
169
198
214
340
157
181
203
338
245
130
197
214
345
158
180
205
222
124
163
185
208
438
150
189
295
219
140
161
181
204
430
146
171
191
213
133
157
181
201
223
144
168
191
210
336
176
121
199
437
142
165
188
209
245
123
174
197
436
141
163
185
209
230
152
173
194
319
242
259
283
204
432
153
168
1258
317
245
481
1192
217
265
269
536
558
177
203
511
454
461
1004
209
344
252
172
182
127
429
155
167
188
211
233
153
175
206
425
124
164
162
116
438
158
180
199
322
140
124
185
214
232
152
174
196
423
447
161
184
208
123
148
119
194
215
287
157
202
209
326
144
125
189
211
145
154
176
123
1023
226
149
131
190
212
132
1478
449
188
213
849
566
227
213
208
538
214
134
1065
141
127
163
124
123
237
233
152
174
198
218
138
160
184
209
541
1054
1391
389
814
1223
303
393
462
199
204
512
1048
174
1021
298
1050
1009
131
195
119
221
487
121
194
202
333
147
171
192
316
252
165
185
210
530
148
170
192
317
134
373
213
1041
841
744
677
225
1060
1017
166
224
182
235
143
299
140
198
218
135
166
183
202
326
249
175
190
315
246
165
121
532
1580
579
708
207
230
265
180
1172
213
137
236
188
210
414
261
171
193
215
118
151
173
116
423
141
174
185
208
151
157
208
209
438
129
182
186
209
444
154
178
126
225
243
167
189
125
243
156
1069
1350
1049
2586
1584
566
581
590
230
330
194
230
205
240
196
174
204
341
140
163
185
209
437
155
176
200
330
145
167
194
216
145
167
183
430
334
150
180
205
424
141
164
187
211
131
162
177
224
327
146
169
197
128
136
168
184
206
154
149
173
200
222
143
166
189
213
285
164
180
203
330
148
170
193
216
138
162
195
123
281
131
177
124
118
124
168
200
219
146
159
184
206
330
149
377
198
277
452
166
187
210
335
138
178
201
349
123
172
191
318
120
160
183
207
334
150
121
205
338
143
167
190
256
128
159
184
272
436
150
174
199
323
141
166
188
253
449
135
179
267
328
147
172
194
422
152
163
184
311
333
152
183
258
320
138
167
284
335
330
152
170
295
419
135
222
222
310
120
149
272
292
316
338
155
280
303
201
142
269
289
124
130
134
117
198
422
191
119
123
204
451
249
272
191
214
171
258
178
183
324
348
469
188
209
538
576
174
198
424
446
367
1013
1017
1004
450
1030
160
291
310
442
161
374
199
216
441
135
386
202
222
143
471
293
209
231
475
275
196
421
445
482
182
209
233
249
476
204
323
545
360
241
201
222
244
157
189
211
442
360
172
195
421
250
573
190
204
449
357
175
193
315
238
155
177
199
430
147
164
186
310
231
468
2548
1663
639
464
733
1080
130
184
339
288
165
1014
178
200
124
139
1021
124
121
215
440
124
120
206
228
170
171
120
206
228
152
170
132
215
342
256
179
201
431
146
180
189
210
335
150
181
198
424
148
122
185
208
227
146
168
197
216
339
163
184
124
222
775
551
230
734
461
282
1086
120
1025
140
402
698
195
657
338
1040
142
165
188
218
436
120
136
201
143
139
1086
1099
1015
134
418
330
178
1038
185
209
231
152
177
195
423
137
175
118
206
332
150
176
121
116
139
172
185
202
326
143
165
125
216
122
150
172
120
421
137
118
118
210
233
152
171
192
131
117
156
184
234
224
145
167
187
208
438
152
174
200
123
141
164
126
212
433
161
172
196
216
216
159
181
206
328
144
129
196
210
335
155
180
203
431
143
1027
162
197
207
434
150
151
194
218
123
160
222
207
328
149
125
193
217
137
158
124
201
326
146
166
192
212
489
157
176
200
222
141
163
124
208
339
153
180
198
220
142
165
187
124
236
1098
131
294
271
333
1061
1057
145
202
459
330
512
417
422
124
160
180
201
329
143
178
189
214
466
126
178
200
226
144
177
190
441
135
157
200
121
225
147
171
192
429
137
159
183
211
434
152
173
199
379
141
166
143
210
461
154
177
202
223
145
171
191
422
137
160
183
206
233
150
174
196
425
141
169
188
214
439
157
178
201
429
147
170
193
215
544
174
184
207
436
151
175
201
124
141
162
197
217
437
152
178
199
427
143
1030
164
186
1773
767
1800
1073
1047
1458
457
162
419
409
330
1160
209
1123
1385
384
346
142
177
194
317
336
157
178
241
427
145
162
226
122
230
149
173
295
319
341
159
284
209
120
119
127
293
313
347
153
278
199
465
120
122
286
209
231
178
122
193
217
237
260
283
203
432
247
270
189
212
345
362
385
200
230
1021
562
178
1008
1013
458
145
142
1023
312
233
153
175
402
128
142
162
295
309
124
149
477
500
420
135
363
390
203
226
127
477
498
425
138
371
396
201
234
246
266
190
123
355
157
381
210
233
245
266
187
209
435
459
380
197
327
242
271
185
208
231
455
378
195
320
246
144
180
203
224
220
168
190
313
251
494
130
199
431
142
132
184
206
231
177
129
193
420
121
159
183
204
228
146
171
192
212
337
153
177
201
228
147
125
190
213
232
154
176
199
125
126
164
186
207
331
149
172
134
129
135
159
179
203
223
153
167
188
211
335
254
176
197
436
139
162
184
210
229
160
172
194
420
136
164
804
664
2139
2058
1034
151
344
1108
163
364
189
173
305
426
205
410
174
194
219
240
163
181
207
229
148
118
191
215
437
154
178
199
424
142
167
187
209
334
156
174
199
227
141
172
191
163
440
151
173
192
221
236
162
181
200
331
357
122
191
120
242
125
181
199
327
150
163
185
214
231
171
173
195
217
341
159
181
204
228
147
170
192
418
437
157
177
203
225
143
166
188
211
333
150
184
195
422
137
158
181
203
228
146
169
200
220
134
160
179
203
224
220
165
188
211
338
153
177
201
230
140
172
186
208
231
153
172
194
216
237
172
122
124
326
143
166
188
414
232
153
175
197
322
141
165
186
206
230
149
172
196
216
135
158
180
214
117
257
170
191
213
238
526
1497
491
588
1029
529
641
517
371
403
176
197
218
345
175
196
223
229
169
172
199
123
136
157
181
203
129
145
174
297
418
443
157
180
117
332
148
168
201
214
572
164
378
243
233
149
143
189
213
444
145
188
202
222
240
164
185
210
438
169
175
310
137
146
164
125
120
432
152
172
193
217
339
162
183
212
137
148
171
192
320
1043
1136
1096
289
1552
524
231
167
183
1037
1083
119
142
167
292
212
342
163
187
130
229
441
170
1428
425
345
1010
1007
302
167
1072
127
265
188
1240
411
233
389
181
407
1040
1492
489
386
407
1329
656
472
238
1086
1259
266
334
148
169
198
418
441
155
183
237
323
141
163
235
125
333
122
172
128
421
144
259
287
406
431
152
212
124
215
446
122
281
117
325
146
365
289
223
436
199
277
197
219
119
264
1105
166
344
335
1034
1714
712
669
197
441
193
286
142
219
242
164
390
214
331
152
479
504
423
140
160
285
206
432
151
372
411
216
250
264
281
135
428
348
475
187
213
233
255
174
202
189
343
161
183
206
437
455
172
193
215
238
465
180
202
330
261
154
188
209
445
466
175
195
322
344
162
182
210
434
149
170
193
218
141
158
184
202
337
126
165
187
217
139
155
180
200
221
157
164
190
212
347
154
177
125
221
140
160
186
207
230
149
503
366
1074
1013
152
1024
798
302
625
1209
282
180
237
217
269
189
180
164
429
143
370
191
211
231
214
181
199
324
137
119
185
164
337
164
171
193
214
135
126
178
120
324
143
165
187
209
441
153
133
201
227
140
161
186
206
332
150
169
127
172
649
169
194
521
521
1182
308
193
126
552
409
182
236
427
152
213
190
209
127
133
174
194
234
137
159
183
207
228
121
175
197
213
134
120
198
123
125
140
163
191
208
338
149
144
195
421
123
160
180
202
190
147
117
188
211
336
156
176
208
426
141
123
124
208
241
139
126
196
219
150
161
182
262
232
148
171
191
424
138
161
180
202
225
146
166
188
215
242
152
175
197
221
150
164
185
207
230
148
192
194
421
120
159
182
203
440
462
169
199
316
133
156
122
200
427
143
120
121
132
231
152
276
123
321
138
160
183
204
228
147
175
192
214
134
156
116
205
223
145
117
187
209
449
170
175
198
223
449
165
189
212
237
170
286
211
340
183
826
605
430
650
277
1013
217
361
146
232
299
233
740
174
185
123
334
121
167
190
213
133
156
179
200
128
561
170
190
211
440
161
180
200
222
154
168
187
126
348
149
177
195
233
147
162
184
206
331
150
171
195
118
136
159
195
203
130
147
168
191
213
137
158
179
201
226
130
170
193
425
142
160
183
214
125
149
172
116
318
136
126
187
206
434
150
276
196
222
141
163
189
211
135
123
180
201
226
145
168
205
317
137
161
181
206
230
158
172
198
122
123
161
187
212
540
153
182
201
225
145
167
191
215
139
157
116
205
227
146
174
195
320
138
162
187
209
230
154
181
123
325
247
166
191
521
126
156
180
207
328
151
140
195
524
142
162
184
209
233
153
178
200
538
144
167
190
237
240
157
180
205
537
150
173
195
223
141
166
188
219
238
120
176
223
334
134
130
193
420
142
165
192
1012
222
178
170
191
317
241
165
124
205
437
130
176
197
327
145
167
187
215
441
165
180
203
229
153
125
195
217
144
160
183
210
127
153
179
204
425
147
166
189
212
136
165
184
203
432
150
173
194
418
144
164
189
211
129
157
177
202
229
146
166
190
214
445
171
180
207
231
155
176
197
426
141
163
126
214
438
253
181
203
354
128
168
194
215
135
176
186
209
433
151
124
201
219
143
163
186
214
130
154
183
120
260
151
169
193
423
142
161
185
208
242
153
176
206
434
144
167
190
213
138
126
180
204
445
153
174
117
120
139
164
142
210
439
154
199
200
427
147
265
194
209
436
152
175
196
525
139
160
492
206
229
149
170
200
419
441
158
199
238
224
120
125
194
225
336
132
176
198
220
140
166
184
208
271
149
171
