1.754 0.1
1.847 0.2
1.849 0.3
1.852 0.4
2.776 0.5
3.447 0.6
3.490 0.7
3.582 0.8
3.589 0.9
3.596 1
3.615 1.1
3.650 1.2
3.654 1.3
3.655 1.4
3.668 1.5
3.676 1.6
3.677 1.7
3.742 1.8
3.762 1.9
3.788 2
3.896 2.1
4.039 2.2
4.058 2.3
4.079 2.4
4.084 2.5
4.137 2.6
4.144 2.7
4.272 2.8
4.276 2.9
4.502 3
4.521 3.1
4.543 3.2
4.630 3.3
4.676 3.4
4.708 3.5
4.741 3.6
4.749 3.7
4.811 3.8
4.838 3.9
4.840 4
4.847 4.1
4.873 4.2
4.881 4.3
4.906 4.4
4.938 4.5
4.966 4.6
4.972 4.7
4.974 4.8
4.995 4.9
5.031 5
5.034 5.1
5.046 5.2
5.063 5.3
5.072 5.4
5.076 5.5
5.091 5.6
5.105 5.7
5.117 5.8
5.126 5.9
5.127 6
5.134 6.1
5.145 6.2
5.145 6.3
5.149 6.4
5.152 6.5
5.174 6.6
5.193 6.7
5.200 6.8
5.215 6.9
5.223 7
5.238 7.1
5.246 7.2
5.259 7.3
5.277 7.4
5.285 7.5
5.346 7.6
5.386 7.7
5.389 7.8
5.420 7.9
5.430 8
5.457 8.1
5.461 8.2
5.498 8.3
5.518 8.4
5.526 8.5
5.531 8.6
5.534 8.7
5.536 8.8
5.541 8.9
5.556 9
5.558 9.1
5.587 9.2
5.645 9.3
5.671 9.4
5.690 9.5
5.691 9.6
5.699 9.7
5.707 9.8
5.719 9.9
5.721 10
5.763 10.1
5.767 10.2
5.769 10.3
5.781 10.4
5.802 10.5
5.807 10.6
5.833 10.7
5.836 10.8
5.855 10.9
5.866 11
5.914 11.1
5.920 11.2
5.943 11.3
5.955 11.4
5.967 11.5
5.991 11.6
6.002 11.7
6.034 11.8
6.045 11.9
6.046 12
6.047 12.1
6.073 12.2
6.081 12.3
6.091 12.4
6.096 12.5
6.116 12.6
6.124 12.7
6.151 12.8
6.154 12.9
6.203 13
6.223 13.1
6.230 13.2
6.238 13.3
6.259 13.4
6.261 13.5
6.273 13.6
6.341 13.7
6.392 13.8
6.465 13.9
6.471 14
6.481 14.1
6.485 14.2
6.500 14.3
6.510 14.4
6.518 14.5
6.553 14.6
6.560 14.7
6.563 14.8
6.575 14.9
6.594 15
6.611 15.1
6.613 15.2
6.617 15.3
6.620 15.4
6.623 15.5
6.627 15.6
6.683 15.7
6.688 15.8
6.691 15.9
6.692 16
6.698 16.1
6.731 16.2
6.736 16.3
6.753 16.4
6.777 16.5
6.785 16.6
6.788 16.7
6.810 16.8
6.839 16.9
6.849 17
6.864 17.1
6.874 17.2
6.901 17.3
6.915 17.4
6.954 17.5
6.978 17.6
6.992 17.7
6.994 17.8
7.007 17.9
7.038 18
7.049 18.1
7.105 18.2
7.139 18.3
7.211 18.4
7.219 18.5
7.224 18.6
7.261 18.7
7.288 18.8
7.319 18.9
7.331 19
7.334 19.1
7.363 19.2
7.489 19.3
7.495 19.4
7.505 19.5
7.527 19.6
7.542 19.7
7.547 19.8
7.552 19.9
7.577 20
7.583 20.1
7.586 20.2
7.619 20.3
7.647 20.4
7.740 20.5
7.745 20.6
7.755 20.7
7.776 20.8
7.779 20.9
7.784 21
7.790 21.1
7.790 21.2
7.798 21.3
7.887 21.4
7.934 21.5
7.945 21.6
7.947 21.7
7.951 21.8
7.974 21.9
7.977 22
7.983 22.1
7.994 22.2
8.020 22.3
8.065 22.4
8.199 22.5
8.207 22.6
8.210 22.7
8.229 22.8
8.236 22.9
8.300 23
8.361 23.1
8.422 23.2
8.432 23.3
8.513 23.4
8.586 23.5
8.603 23.6
8.688 23.7
8.718 23.8
8.718 23.9
8.789 24
8.796 24.1
8.842 24.2
8.882 24.3
8.891 24.4
8.969 24.5
8.992 24.6
9.010 24.7
9.021 24.8
9.043 24.9
9.071 25
9.103 25.1
9.149 25.2
9.174 25.3
9.189 25.4
9.197 25.5
9.205 25.6
9.237 25.7
9.404 25.8
9.557 25.9
9.576 26
9.582 26.1
9.659 26.2
9.669 26.3
9.766 26.4
9.891 26.5
9.915 26.6
9.924 26.7
10.004 26.8
10.034 26.9
10.090 27
10.096 27.1
10.132 27.2
10.209 27.3
10.237 27.4
10.256 27.5
10.268 27.6
10.301 27.7
10.301 27.8
10.329 27.9
10.400 28
10.418 28.1
10.572 28.2
10.598 28.3
10.616 28.4
10.639 28.5
10.738 28.6
10.746 28.7
10.896 28.8
10.956 28.9
10.964 29
10.974 29.1
10.981 29.2
10.999 29.3
11.044 29.4
11.066 29.5
11.193 29.6
11.380 29.7
11.383 29.8
11.403 29.9
11.442 30
11.447 30.1
11.469 30.2
11.475 30.3
11.480 30.4
11.521 30.5
11.532 30.6
11.584 30.7
11.666 30.8
11.724 30.9
11.759 31
11.877 31.1
11.976 31.2
12.131 31.3
12.174 31.4
12.205 31.5
12.243 31.6
12.364 31.7
12.381 31.8
12.531 31.9
12.572 32
12.575 32.1
12.579 32.2
12.588 32.3
12.592 32.4
12.732 32.5
12.814 32.6
12.917 32.7
12.964 32.8
12.970 32.9
13.097 33
13.104 33.1
13.159 33.2
13.255 33.3
13.313 33.4
13.475 33.5
13.487 33.6
13.506 33.7
13.630 33.8
13.657 33.9
13.680 34
13.703 34.1
13.725 34.2
13.751 34.3
13.765 34.4
13.783 34.5
13.787 34.6
13.826 34.7
13.852 34.8
13.858 34.9
13.903 35
13.933 35.1
14.062 35.2
14.098 35.3
14.162 35.4
14.168 35.5
14.178 35.6
14.238 35.7
14.242 35.8
14.293 35.9
14.453 36
14.466 36.1
14.471 36.2
14.506 36.3
14.546 36.4
14.559 36.5
14.576 36.6
14.641 36.7
14.671 36.8
14.704 36.9
14.838 37
14.845 37.1
14.856 37.2
14.864 37.3
14.957 37.4
14.969 37.5
15.002 37.6
15.023 37.7
15.025 37.8
15.175 37.9
15.240 38
15.257 38.1
15.259 38.2
15.264 38.3
15.302 38.4
15.303 38.5
15.307 38.6
15.323 38.7
15.361 38.8
15.406 38.9
15.409 39
15.429 39.1
15.458 39.2
15.468 39.3
15.538 39.4
15.587 39.5
15.668 39.6
15.705 39.7
15.709 39.8
15.769 39.9
15.777 40
15.779 40.1
15.843 40.2
15.845 40.3
15.881 40.4
15.974 40.5
16.008 40.6
16.032 40.7
16.182 40.8
16.186 40.9
16.255 41
16.304 41.1
16.413 41.2
16.428 41.3
16.472 41.4
16.483 41.5
16.495 41.6
16.505 41.7
16.507 41.8
16.547 41.9
16.558 42
16.685 42.1
16.752 42.2
16.762 42.3
16.785 42.4
16.813 42.5
16.821 42.6
16.963 42.7
16.966 42.8
16.972 42.9
17.004 43
17.004 43.1
17.027 43.2
17.048 43.3
17.057 43.4
17.069 43.5
17.084 43.6
17.129 43.7
17.167 43.8
17.174 43.9
17.175 44
17.245 44.1
17.294 44.2
17.313 44.3
17.321 44.4
17.344 44.5
17.393 44.6
17.406 44.7
17.467 44.8
17.468 44.9
17.516 45
17.625 45.1
17.677 45.2
17.830 45.3
17.862 45.4
17.910 45.5
17.937 45.6
17.959 45.7
17.960 45.8
17.963 45.9
18.071 46
18.074 46.1
18.116 46.2
18.166 46.3
18.262 46.4
18.339 46.5
18.374 46.6
18.377 46.7
18.437 46.8
18.551 46.9
18.553 47
18.655 47.1
18.668 47.2
18.682 47.3
18.691 47.4
18.714 47.5
18.733 47.6
18.758 47.7
18.793 47.8
18.800 47.9
18.866 48
18.890 48.1
18.909 48.2
18.909 48.3
18.938 48.4
18.966 48.5
18.970 48.6
18.983 48.7
19.010 48.8
19.014 48.9
19.024 49
19.076 49.1
19.104 49.2
19.131 49.3
19.132 49.4
19.152 49.5
19.227 49.6
19.259 49.7
19.287 49.8
19.299 49.9
19.380 50
19.420 50.1
19.442 50.2
19.456 50.3
19.485 50.4
19.487 50.5
19.536 50.6
19.583 50.7
19.590 50.8
19.601 50.9
19.624 51
19.628 51.1
19.638 51.2
19.648 51.3
19.654 51.4
19.670 51.5
19.682 51.6
19.697 51.7
19.781 51.8
19.793 51.9
19.831 52
19.854 52.1
19.868 52.2
19.910 52.3
20.035 52.4
20.126 52.5
20.178 52.6
20.195 52.7
20.218 52.8
20.268 52.9
20.290 53
20.320 53.1
20.324 53.2
20.388 53.3
20.407 53.4
20.435 53.5
20.451 53.6
20.458 53.7
20.466 53.8
20.510 53.9
20.546 54
20.579 54.1
20.613 54.2
20.633 54.3
20.657 54.4
20.665 54.5
20.715 54.6
20.717 54.7
20.776 54.8
20.777 54.9
20.788 55
20.828 55.1
20.845 55.2
20.864 55.3
20.867 55.4
20.873 55.5
20.914 55.6
20.915 55.7
20.987 55.8
20.999 55.9
21.086 56
21.142 56.1
21.255 56.2
21.256 56.3
21.298 56.4
21.325 56.5
21.396 56.6
21.413 56.7
21.462 56.8
21.532 56.9
21.533 57
21.600 57.1
21.636 57.2
21.649 57.3
21.671 57.4
21.717 57.5
21.719 57.6
21.743 57.7
21.830 57.8
21.833 57.9
21.886 58
21.913 58.1
21.917 58.2
21.974 58.3
22.000 58.4
22.017 58.5
22.041 58.6
22.090 58.7
22.132 58.8
22.170 58.9
22.233 59
22.262 59.1
22.263 59.2
22.267 59.3
22.305 59.4
22.350 59.5
22.388 59.6
22.481 59.7
22.557 59.8
22.571 59.9
22.579 60
22.652 60.1
22.917 60.2
22.940 60.3
22.979 60.4
23.091 60.5
23.100 60.6
23.222 60.7
23.296 60.8
23.325 60.9
23.380 61
23.425 61.1
23.435 61.2
23.529 61.3
23.535 61.4
23.552 61.5
23.605 61.6
23.625 61.7
23.633 61.8
23.639 61.9
23.706 62
23.723 62.1
23.729 62.2
23.767 62.3
23.776 62.4
23.798 62.5
23.837 62.6
23.869 62.7
23.917 62.8
23.954 62.9
23.986 63
24.019 63.1
24.051 63.2
24.085 63.3
24.167 63.4
24.170 63.5
24.303 63.6
24.314 63.7
24.383 63.8
24.403 63.9
24.442 64
24.446 64.1
24.453 64.2
24.495 64.3
24.503 64.4
24.512 64.5
24.550 64.6
24.574 64.7
24.595 64.8
24.610 64.9
24.623 65
24.627 65.1
24.709 65.2
24.717 65.3
24.799 65.4
24.915 65.5
24.932 65.6
24.953 65.7
24.966 65.8
24.975 65.9
24.977 66
24.998 66.1
25.071 66.2
25.131 66.3
25.142 66.4
25.173 66.5
25.175 66.6
25.215 66.7
25.252 66.8
25.348 66.9
25.355 67
25.379 67.1
25.380 67.2
25.380 67.3
25.381 67.4
25.381 67.5
25.467 67.6
25.470 67.7
25.473 67.8
25.664 67.9
25.669 68
25.782 68.1
25.866 68.2
26.100 68.3
26.101 68.4
26.127 68.5
26.146 68.6
26.174 68.7
26.189 68.8
26.349 68.9
26.353 69
26.401 69.1
26.567 69.2
26.657 69.3
26.755 69.4
26.838 69.5
26.872 69.6
26.954 69.7
26.981 69.8
27.097 69.9
27.259 70
27.284 70.1
27.312 70.2
27.322 70.3
27.357 70.4
27.397 70.5
27.515 70.6
27.541 70.7
27.651 70.8
27.732 70.9
27.796 71
27.811 71.1
27.864 71.2
27.915 71.3
28.106 71.4
28.190 71.5
28.193 71.6
28.197 71.7
28.199 71.8
28.212 71.9
28.219 72
28.259 72.1
28.318 72.2
28.372 72.3
28.378 72.4
28.570 72.5
28.595 72.6
28.634 72.7
28.725 72.8
28.951 72.9
29.177 73
29.189 73.1
29.265 73.2
29.304 73.3
29.317 73.4
29.337 73.5
29.353 73.6
29.462 73.7
29.473 73.8
29.510 73.9
29.572 74
29.649 74.1
29.717 74.2
29.747 74.3
29.838 74.4
29.870 74.5
29.927 74.6
29.986 74.7
30.027 74.8
30.035 74.9
30.124 75
30.139 75.1
30.159 75.2
30.166 75.3
30.166 75.4
30.321 75.5
30.365 75.6
30.428 75.7
30.435 75.8
30.693 75.9
30.699 76
30.782 76.1
30.794 76.2
30.815 76.3
30.822 76.4
30.888 76.5
30.910 76.6
30.940 76.7
30.986 76.8
31.064 76.9
31.159 77
31.267 77.1
31.312 77.2
31.355 77.3
31.424 77.4
31.446 77.5
31.461 77.6
31.472 77.7
31.554 77.8
31.615 77.9
31.650 78
31.685 78.1
31.728 78.2
31.748 78.3
31.907 78.4
31.962 78.5
32.143 78.6
32.144 78.7
32.196 78.8
32.226 78.9
32.294 79
32.321 79.1
32.339 79.2
32.390 79.3
32.496 79.4
32.504 79.5
32.557 79.6
32.581 79.7
32.606 79.8
32.620 79.9
32.676 80
32.794 80.1
32.796 80.2
32.957 80.3
33.059 80.4
33.169 80.5
33.231 80.6
33.267 80.7
33.320 80.8
33.414 80.9
33.439 81
33.469 81.1
33.478 81.2
33.660 81.3
33.708 81.4
33.710 81.5
33.884 81.6
34.015 81.7
34.074 81.8
34.091 81.9
34.110 82
34.115 82.1
34.328 82.2
34.419 82.3
34.495 82.4
34.529 82.5
34.599 82.6
34.655 82.7
34.726 82.8
34.764 82.9
34.816 83
34.828 83.1
34.956 83.2
35.021 83.3
35.091 83.4
35.218 83.5
35.249 83.6
35.263 83.7
35.281 83.8
35.304 83.9
35.426 84
35.472 84.1
35.575 84.2
35.678 84.3
35.715 84.4
35.724 84.5
35.727 84.6
35.785 84.7
35.874 84.8
35.888 84.9
35.940 85
36.118 85.1
36.141 85.2
36.150 85.3
36.191 85.4
36.314 85.5
36.314 85.6
36.371 85.7
36.449 85.8
36.456 85.9
36.569 86
36.645 86.1
36.819 86.2
36.935 86.3
37.145 86.4
37.153 86.5
37.211 86.6
37.228 86.7
37.290 86.8
37.316 86.9
37.353 87
37.403 87.1
37.419 87.2
37.436 87.3
37.567 87.4
37.597 87.5
37.603 87.6
37.631 87.7
37.632 87.8
37.640 87.9
37.720 88
37.730 88.1
37.755 88.2
37.779 88.3
37.798 88.4
37.903 88.5
37.909 88.6
37.962 88.7
38.079 88.8
38.087 88.9
38.123 89
38.234 89.1
38.265 89.2
38.267 89.3
38.310 89.4
38.506 89.5
38.522 89.6
38.560 89.7
38.574 89.8
38.642 89.9
38.666 90
38.729 90.1
38.786 90.2
38.801 90.3
38.880 90.4
38.900 90.5
38.935 90.6
38.950 90.7
39.018 90.8
39.097 90.9
39.214 91
39.228 91.1
39.246 91.2
39.269 91.3
39.361 91.4
39.391 91.5
39.407 91.6
39.425 91.7
39.484 91.8
39.696 91.9
39.840 92
39.844 92.1
39.963 92.2
39.970 92.3
39.989 92.4
39.995 92.5
40.001 92.6
40.026 92.7
40.046 92.8
40.055 92.9
40.131 93
40.209 93.1
40.217 93.2
40.221 93.3
40.230 93.4
40.315 93.5
40.320 93.6
40.332 93.7
40.366 93.8
40.427 93.9
40.457 94
40.469 94.1
40.640 94.2
40.708 94.3
40.734 94.4
40.822 94.5
40.885 94.6
40.897 94.7
40.919 94.8
40.934 94.9
41.058 95
41.113 95.1
41.157 95.2
41.157 95.3
41.177 95.4
41.227 95.5
41.251 95.6
41.279 95.7
41.337 95.8
41.363 95.9
41.375 96
41.380 96.1
41.407 96.2
41.407 96.3
41.521 96.4
41.526 96.5
41.539 96.6
41.543 96.7
41.582 96.8
41.722 96.9
41.729 97
41.736 97.1
41.843 97.2
41.846 97.3
41.904 97.4
41.910 97.5
41.947 97.6
41.952 97.7
41.952 97.8
41.966 97.9
41.995 98
42.099 98.1
42.119 98.2
42.155 98.3
42.295 98.4
42.310 98.5
42.340 98.6
42.451 98.7
42.499 98.8
42.581 98.9
42.616 99
42.783 99.1
42.882 99.2
42.888 99.3
43.014 99.4
43.024 99.5
43.103 99.6
43.131 99.7
43.131 99.8
43.197 99.9
43.203 100
43.261 100.1
43.407 100.2
43.525 100.3
43.720 100.4
43.780 100.5
43.831 100.6
43.851 100.7
43.909 100.8
44.148 100.9
44.149 101
44.236 101.1
44.247 101.2
44.328 101.3
44.370 101.4
44.417 101.5
44.476 101.6
44.491 101.7
44.721 101.8
44.752 101.9
44.765 102
44.769 102.1
44.777 102.2
44.791 102.3
44.863 102.4
45.020 102.5
45.164 102.6
45.252 102.7
45.257 102.8
45.269 102.9
45.330 103
45.337 103.1
45.426 103.2
45.517 103.3
45.521 103.4
45.614 103.5
45.647 103.6
45.668 103.7
45.715 103.8
45.724 103.9
45.734 104
45.734 104.1
45.748 104.2
45.766 104.3
45.835 104.4
45.885 104.5
45.922 104.6
45.942 104.7
45.948 104.8
45.955 104.9
46.083 105
46.115 105.1
46.124 105.2
46.183 105.3
46.216 105.4
46.290 105.5
46.295 105.6
46.454 105.7
46.529 105.8
46.574 105.9
46.617 106
46.656 106.1
46.674 106.2
46.712 106.3
46.882 106.4
46.991 106.5
47.042 106.6
47.048 106.7
47.216 106.8
47.275 106.9
47.285 107
47.290 107.1
47.295 107.2
47.365 107.3
47.462 107.4
47.473 107.5
47.551 107.6
47.606 107.7
47.631 107.8
47.648 107.9
47.693 108
47.728 108.1
47.745 108.2
47.763 108.3
47.778 108.4
48.022 108.5
48.111 108.6
48.117 108.7
48.185 108.8
48.190 108.9
48.295 109
48.333 109.1
48.394 109.2
48.465 109.3
48.567 109.4
48.677 109.5
48.800 109.6
48.859 109.7
48.980 109.8
49.002 109.9
49.005 110
49.153 110.1
49.215 110.2
49.276 110.3
49.364 110.4
49.499 110.5
49.592 110.6
49.703 110.7
49.774 110.8
49.842 110.9
50.078 111
50.181 111.1
50.269 111.2
50.299 111.3
50.452 111.4
50.470 111.5
50.694 111.6
50.955 111.7
51.007 111.8
51.058 111.9
51.202 112
51.238 112.1
51.501 112.2
51.507 112.3
51.547 112.4
51.559 112.5
51.643 112.6
51.681 112.7
52.037 112.8
52.097 112.9
52.226 113
52.321 113.1
52.398 113.2
52.436 113.3
52.475 113.4
52.511 113.5
52.998 113.6
53.030 113.7
53.124 113.8
53.162 113.9
53.266 114
53.650 114.1
53.714 114.2
53.814 114.3
53.911 114.4
53.961 114.5
54.029 114.6
54.063 114.7
54.149 114.8
54.172 114.9
54.187 115
54.297 115.1
54.317 115.2
54.380 115.3
54.423 115.4
54.668 115.5
54.764 115.6
54.806 115.7
54.908 115.8
54.924 115.9
55.136 116
55.140 116.1
55.231 116.2
55.578 116.3
55.866 116.4
56.214 116.5
56.330 116.6
56.341 116.7
56.588 116.8
56.774 116.9
56.955 117
57.034 117.1
57.135 117.2
57.253 117.3
57.740 117.4
58.008 117.5
58.221 117.6
58.280 117.7
58.368 117.8
58.569 117.9
58.795 118
58.836 118.1
58.855 118.2
58.975 118.3
59.194 118.4
59.282 118.5
59.359 118.6
59.421 118.7
59.659 118.8
59.686 118.9
59.890 119
59.938 119.1
60.112 119.2
60.620 119.3
60.629 119.4
60.686 119.5
61.149 119.6
61.279 119.7
62.223 119.8
62.240 119.9
63.029 120
63.085 120.1
63.477 120.2
63.678 120.3
64.392 120.4
65.261 120.5
65.308 120.6
65.677 120.7
66.509 120.8
66.669 120.9
67.007 121
67.182 121.1
67.246 121.2
67.252 121.3
67.335 121.4
67.456 121.5
67.554 121.6
67.679 121.7
67.823 121.8
67.940 121.9
68.109 122
68.279 122.1
68.621 122.2
68.923 122.3
69.308 122.4
69.402 122.5
69.483 122.6
69.615 122.7
69.632 122.8
69.999 122.9
70.080 123
70.151 123.1
70.225 123.2
70.435 123.3
70.476 123.4
70.507 123.5
70.649 123.6
70.729 123.7
70.811 123.8
70.819 123.9
70.864 124
71.139 124.1
71.310 124.2
71.438 124.3
71.496 124.4
71.632 124.5
71.873 124.6
71.983 124.7
72.129 124.8
72.197 124.9
72.441 125
72.857 125.1
72.903 125.2
72.945 125.3
72.981 125.4
73.180 125.5
73.197 125.6
73.210 125.7
73.216 125.8
73.229 125.9
73.296 126
73.357 126.1
73.466 126.2
73.475 126.3
73.622 126.4
73.675 126.5
73.695 126.6
73.743 126.7
73.773 126.8
73.966 126.9
74.003 127
74.067 127.1
74.108 127.2
74.182 127.3
74.222 127.4
74.282 127.5
74.369 127.6
74.370 127.7
74.402 127.8
74.702 127.9
74.770 128
74.987 128.1
75.039 128.2
75.075 128.3
75.203 128.4
75.282 128.5
75.403 128.6
75.418 128.7
75.425 128.8
75.469 128.9
75.496 129
75.553 129.1
75.678 129.2
75.689 129.3
75.820 129.4
75.841 129.5
75.848 129.6
75.876 129.7
75.887 129.8
75.924 129.9
75.941 130
75.944 130.1
76.084 130.2
76.088 130.3
76.089 130.4
76.093 130.5
76.171 130.6
76.199 130.7
76.272 130.8
76.326 130.9
76.330 131
76.470 131.1
76.489 131.2
76.537 131.3
76.557 131.4
76.585 131.5
76.691 131.6
76.759 131.7
76.799 131.8
76.826 131.9
76.847 132
76.853 132.1
76.906 132.2
76.987 132.3
77.003 132.4
77.019 132.5
77.031 132.6
77.052 132.7
77.081 132.8
77.150 132.9
77.171 133
77.186 133.1
77.226 133.2
77.342 133.3
77.345 133.4
77.352 133.5
77.394 133.6
77.430 133.7
77.448 133.8
77.466 133.9
77.517 134
77.567 134.1
77.619 134.2
77.621 134.3
77.633 134.4
77.811 134.5
77.862 134.6
77.875 134.7
77.901 134.8
77.918 134.9
78.047 135
78.055 135.1
78.152 135.2
78.178 135.3
78.217 135.4
78.228 135.5
78.232 135.6
78.289 135.7
78.338 135.8
78.350 135.9
78.352 136
78.489 136.1
78.651 136.2
78.684 136.3
78.690 136.4
78.736 136.5
78.737 136.6
78.856 136.7
78.886 136.8
78.918 136.9
78.932 137
78.990 137.1
79.039 137.2
79.175 137.3
79.175 137.4
79.176 137.5
79.203 137.6
79.275 137.7
79.302 137.8
79.422 137.9
79.424 138
79.651 138.1
79.658 138.2
79.665 138.3
79.768 138.4
79.805 138.5
79.848 138.6
79.849 138.7
79.851 138.8
79.911 138.9
80.091 139
80.142 139.1
80.229 139.2
80.275 139.3
80.312 139.4
80.339 139.5
80.378 139.6
80.381 139.7
80.385 139.8
80.426 139.9
80.529 140
80.545 140.1
80.581 140.2
80.585 140.3
80.595 140.4
80.748 140.5
80.827 140.6
80.923 140.7
81.016 140.8
81.033 140.9
81.137 141
81.217 141.1
81.298 141.2
81.389 141.3
81.478 141.4
81.545 141.5
81.766 141.6
81.864 141.7
82.040 141.8
82.193 141.9
82.271 142
82.278 142.1
82.347 142.2
82.415 142.3
82.441 142.4
82.493 142.5
82.503 142.6
82.542 142.7
82.689 142.8
82.822 142.9
82.881 143
83.032 143.1
83.133 143.2
83.158 143.3
83.187 143.4
83.214 143.5
83.345 143.6
83.404 143.7
83.499 143.8
83.588 143.9
83.631 144
83.668 144.1
83.847 144.2
83.902 144.3
84.317 144.4
84.322 144.5
84.334 144.6
84.537 144.7
84.773 144.8
85.053 144.9
85.149 145
85.367 145.1
85.412 145.2
85.586 145.3
85.717 145.4
85.776 145.5
86.060 145.6
86.092 145.7
86.201 145.8
86.224 145.9
86.333 146
86.346 146.1
86.419 146.2
87.011 146.3
87.029 146.4
87.097 146.5
87.404 146.6
87.408 146.7
87.601 146.8
87.834 146.9
87.946 147
88.027 147.1
88.279 147.2
88.574 147.3
88.654 147.4
88.862 147.5
88.989 147.6
89.058 147.7
89.124 147.8
89.350 147.9
89.409 148
89.454 148.1
89.802 148.2
89.935 148.3
90.041 148.4
90.070 148.5
90.360 148.6
90.530 148.7
90.831 148.8
91.070 148.9
91.110 149
91.219 149.1
91.225 149.2
91.316 149.3
91.538 149.4
92.243 149.5
92.381 149.6
92.437 149.7
92.532 149.8
93.595 149.9
93.606 150
93.851 150.1
93.989 150.2
94.055 150.3
94.231 150.4
94.654 150.5
94.800 150.6
95.080 150.7
95.519 150.8
95.770 150.9
96.091 151
96.861 151.1
96.870 151.2
96.892 151.3
96.909 151.4
97.118 151.5
97.209 151.6
97.285 151.7
97.487 151.8
97.553 151.9
97.661 152
97.726 152.1
97.848 152.2
97.906 152.3
98.080 152.4
98.085 152.5
98.262 152.6
98.755 152.7
98.818 152.8
99.243 152.9
99.342 153
99.455 153.1
99.878 153.2
100.034 153.3
100.304 153.4
100.870 153.5
101.851 153.6
101.932 153.7
101.943 153.8
102.185 153.9
102.203 154
102.374 154.1
102.520 154.2
102.702 154.3
103.179 154.4
103.649 154.5
104.773 154.6
105.060 154.7
105.074 154.8
105.493 154.9
105.561 155
105.662 155.1
105.680 155.2
106.214 155.3
106.464 155.4
106.513 155.5
106.521 155.6
106.798 155.7
107.481 155.8
107.621 155.9
108.049 156
109.115 156.1
109.141 156.2
109.287 156.3
109.701 156.4
111.454 156.5
111.850 156.6
111.888 156.7
112.339 156.8
113.164 156.9
113.835 157
114.021 157.1
114.628 157.2
114.828 157.3
115.412 157.4
116.562 157.5
116.784 157.6
116.862 157.7
118.639 157.8
119.401 157.9
119.959 158
120.274 158.1
120.301 158.2
120.653 158.3
122.361 158.4
123.249 158.5
126.362 158.6
126.540 158.7
126.663 158.8
126.903 158.9
127.129 159
130.808 159.1
133.737 159.2
133.966 159.3
135.308 159.4
137.013 159.5
137.077 159.6
139.239 159.7
141.383 159.8
142.672 159.9
144.578 160
144.792 160.1
146.483 160.2
147.142 160.3
147.216 160.4
147.417 160.5
147.875 160.6
149.576 160.7
151.527 160.8
151.971 160.9
153.207 161
160.931 161.1
161.298 161.2
161.943 161.3
162.328 161.4
162.401 161.5
162.516 161.6
162.604 161.7
163.134 161.8
163.545 161.9
163.562 162
163.724 162.1
163.826 162.2
163.852 162.3
163.898 162.4
163.963 162.5
164.009 162.6
164.072 162.7
164.571 162.8
164.901 162.9
164.961 163
164.986 163.1
165.134 163.2
165.309 163.3
165.315 163.4
165.354 163.5
165.407 163.6
165.432 163.7
165.569 163.8
165.594 163.9
165.604 164
165.930 164.1
165.945 164.2
165.965 164.3
165.992 164.4
166.082 164.5
166.089 164.6
166.140 164.7
166.171 164.8
166.286 164.9
166.409 165
166.412 165.1
166.439 165.2
166.516 165.3
166.537 165.4
166.597 165.5
166.648 165.6
166.663 165.7
166.669 165.8
166.693 165.9
166.704 166
166.730 166.1
166.790 166.2
166.803 166.3
166.897 166.4
166.917 166.5
166.924 166.6
166.987 166.7
167.063 166.8
167.104 166.9
167.106 167
167.111 167.1
167.120 167.2
167.122 167.3
167.124 167.4
167.157 167.5
167.160 167.6
167.207 167.7
167.235 167.8
167.257 167.9
167.311 168
167.318 168.1
167.355 168.2
167.585 168.3
167.609 168.4
167.632 168.5
167.678 168.6
167.683 168.7
167.684 168.8
167.695 168.9
167.717 169
167.730 169.1
167.739 169.2
167.766 169.3
167.772 169.4
167.798 169.5
167.853 169.6
167.854 169.7
167.950 169.8
167.981 169.9
167.984 170
168.006 170.1
168.008 170.2
168.034 170.3
168.061 170.4
168.105 170.5
168.126 170.6
168.132 170.7
168.148 170.8
168.178 170.9
168.180 171
168.200 171.1
168.231 171.2
168.236 171.3
168.242 171.4
168.250 171.5
168.286 171.6
168.288 171.7
168.289 171.8
168.312 171.9
168.317 172
168.330 172.1
168.357 172.2
168.450 172.3
168.461 172.4
168.486 172.5
168.521 172.6
168.542 172.7
168.557 172.8
168.559 172.9
168.562 173
168.576 173.1
168.591 173.2
168.622 173.3
168.640 173.4
168.677 173.5
168.748 173.6
168.757 173.7
168.762 173.8
168.777 173.9
168.809 174
168.892 174.1
168.902 174.2
168.911 174.3
168.922 174.4
168.928 174.5
168.952 174.6
168.962 174.7
168.965 174.8
169.032 174.9
169.051 175
169.092 175.1
169.099 175.2
169.122 175.3
169.128 175.4
169.137 175.5
169.154 175.6
169.164 175.7
169.185 175.8
169.187 175.9
169.191 176
169.229 176.1
169.237 176.2
169.270 176.3
169.285 176.4
169.318 176.5
169.333 176.6
169.335 176.7
169.338 176.8
169.356 176.9
169.373 177
169.373 177.1
169.396 177.2
169.496 177.3
169.508 177.4
169.527 177.5
169.536 177.6
169.542 177.7
169.578 177.8
169.584 177.9
169.611 178
169.645 178.1
169.688 178.2
169.699 178.3
169.718 178.4
169.730 178.5
169.755 178.6
169.765 178.7
169.840 178.8
169.901 178.9
169.913 179
169.951 179.1
169.970 179.2
169.973 179.3
170.010 179.4
170.051 179.5
170.080 179.6
170.082 179.7
170.114 179.8
170.135 179.9
170.144 180
170.146 180.1
170.177 180.2
170.180 180.3
170.204 180.4
170.208 180.5
170.220 180.6
170.258 180.7
170.269 180.8
170.289 180.9
170.305 181
170.325 181.1
170.335 181.2
170.346 181.3
170.440 181.4
170.449 181.5
170.478 181.6
170.483 181.7
170.492 181.8
170.501 181.9
170.519 182
170.535 182.1
170.561 182.2
170.565 182.3
170.566 182.4
170.586 182.5
170.608 182.6
170.611 182.7
170.660 182.8
170.676 182.9
170.760 183
170.766 183.1
170.775 183.2
170.779 183.3
170.806 183.4
170.808 183.5
170.810 183.6
170.814 183.7
170.825 183.8
170.835 183.9
170.837 184
170.869 184.1
170.872 184.2
170.903 184.3
170.904 184.4
170.905 184.5
170.940 184.6
170.963 184.7
171.010 184.8
171.015 184.9
171.039 185
171.064 185.1
171.070 185.2
171.103 185.3
171.110 185.4
171.111 185.5
171.138 185.6
171.176 185.7
171.185 185.8
171.220 185.9
171.241 186
171.247 186.1
171.266 186.2
171.271 186.3
171.275 186.4
171.280 186.5
171.320 186.6
171.347 186.7
171.361 186.8
171.362 186.9
171.378 187
171.379 187.1
171.397 187.2
171.409 187.3
171.420 187.4
171.450 187.5
171.462 187.6
171.473 187.7
171.476 187.8
171.489 187.9
171.519 188
171.523 188.1
171.529 188.2
171.532 188.3
171.535 188.4
171.550 188.5
171.601 188.6
171.603 188.7
171.616 188.8
171.617 188.9
171.643 189
171.653 189.1
171.658 189.2
171.659 189.3
171.684 189.4
171.691 189.5
171.703 189.6
171.705 189.7
171.711 189.8
171.733 189.9
171.736 190
171.738 190.1
171.739 190.2
171.742 190.3
171.743 190.4
171.757 190.5
171.762 190.6
171.769 190.7
171.769 190.8
171.773 190.9
171.785 191
171.791 191.1
171.827 191.2
171.854 191.3
171.865 191.4
171.870 191.5
171.890 191.6
171.930 191.7
171.941 191.8
171.946 191.9
171.969 192
171.974 192.1
171.991 192.2
171.991 192.3
172.025 192.4
172.036 192.5
172.037 192.6
172.066 192.7
172.071 192.8
172.100 192.9
172.109 193
172.132 193.1
172.142 193.2
172.147 193.3
172.150 193.4
172.168 193.5
172.182 193.6
172.195 193.7
172.209 193.8
172.220 193.9
172.232 194
172.251 194.1
172.255 194.2
172.256 194.3
172.266 194.4
172.272 194.5
172.320 194.6
172.320 194.7
172.327 194.8
172.346 194.9
172.362 195
172.380 195.1
172.391 195.2
172.400 195.3
172.413 195.4
172.431 195.5
172.446 195.6
172.468 195.7
172.485 195.8
172.491 195.9
172.521 196
172.528 196.1
172.529 196.2
172.534 196.3
172.544 196.4
172.571 196.5
172.579 196.6
172.587 196.7
172.588 196.8
172.607 196.9
172.613 197
172.641 197.1
172.674 197.2
172.677 197.3
172.689 197.4
172.703 197.5
172.737 197.6
172.757 197.7
172.769 197.8
172.797 197.9
172.801 198
172.815 198.1
172.842 198.2
172.866 198.3
172.892 198.4
172.908 198.5
172.914 198.6
172.920 198.7
172.922 198.8
172.922 198.9
172.922 199
172.926 199.1
172.926 199.2
172.934 199.3
172.949 199.4
172.984 199.5
172.986 199.6
172.990 199.7
173.015 199.8
173.036 199.9
173.059 200
173.070 200.1
173.073 200.2
173.082 200.3
173.117 200.4
173.126 200.5
173.130 200.6
173.144 200.7
173.164 200.8
173.230 200.9
173.232 201
173.279 201.1
173.280 201.2
173.286 201.3
173.289 201.4
173.299 201.5
173.309 201.6
173.325 201.7
173.334 201.8
173.357 201.9
173.370 202
173.372 202.1
173.380 202.2
173.385 202.3
173.386 202.4
173.397 202.5
173.418 202.6
173.458 202.7
173.474 202.8
173.485 202.9
173.487 203
173.524 203.1
173.536 203.2
173.536 203.3
173.540 203.4
173.555 203.5
173.555 203.6
173.558 203.7
173.599 203.8
173.603 203.9
173.604 204
173.607 204.1
173.608 204.2
173.618 204.3
173.625 204.4
173.635 204.5
173.638 204.6
173.640 204.7
173.656 204.8
173.687 204.9
173.693 205
173.699 205.1
173.710 205.2
173.730 205.3
173.746 205.4
173.748 205.5
173.770 205.6
173.785 205.7
173.790 205.8
173.818 205.9
173.823 206
173.845 206.1
173.868 206.2
173.875 206.3
173.911 206.4
173.941 206.5
173.943 206.6
173.994 206.7
174.004 206.8
174.014 206.9
174.015 207
174.026 207.1
174.028 207.2
174.047 207.3
174.090 207.4
174.090 207.5
174.092 207.6
174.093 207.7
174.135 207.8
174.147 207.9
174.184 208
174.191 208.1
174.229 208.2
174.233 208.3
174.252 208.4
174.254 208.5
174.280 208.6
174.290 208.7
174.292 208.8
174.293 208.9
174.298 209
174.299 209.1
174.303 209.2
174.352 209.3
174.363 209.4
174.367 209.5
174.424 209.6
174.431 209.7
174.463 209.8
174.473 209.9
174.477 210
174.493 210.1
174.494 210.2
174.495 210.3
174.500 210.4
174.533 210.5
174.569 210.6
174.570 210.7
174.590 210.8
174.592 210.9
174.594 211
174.602 211.1
174.602 211.2
174.632 211.3
174.635 211.4
174.642 211.5
174.660 211.6
174.725 211.7
174.734 211.8
174.734 211.9
174.735 212
174.745 212.1
174.748 212.2
174.784 212.3
174.789 212.4
174.791 212.5
174.818 212.6
174.826 212.7
174.827 212.8
174.834 212.9
174.847 213
174.848 213.1
174.860 213.2
174.864 213.3
174.885 213.4
174.892 213.5
174.899 213.6
174.956 213.7
174.957 213.8
174.961 213.9
174.961 214
174.963 214.1
174.969 214.2
174.974 214.3
174.975 214.4
174.981 214.5
174.981 214.6
174.986 214.7
175.004 214.8
175.024 214.9
175.057 215
175.058 215.1
175.095 215.2
175.100 215.3
175.114 215.4
175.121 215.5
175.126 215.6
175.127 215.7
175.156 215.8
175.166 215.9
175.172 216
175.177 216.1
175.192 216.2
175.245 216.3
175.249 216.4
175.252 216.5
175.286 216.6
175.293 216.7
175.311 216.8
175.325 216.9
175.370 217
175.401 217.1
175.404 217.2
175.427 217.3
175.427 217.4
175.435 217.5
175.445 217.6
175.453 217.7
175.458 217.8
175.491 217.9
175.587 218
175.593 218.1
175.633 218.2
175.637 218.3
175.660 218.4
175.664 218.5
175.665 218.6
175.706 218.7
175.715 218.8
175.750 218.9
175.772 219
175.777 219.1
175.788 219.2
175.827 219.3
175.875 219.4
175.888 219.5
175.936 219.6
175.936 219.7
175.938 219.8
175.941 219.9
175.949 220
175.964 220.1
175.977 220.2
176.034 220.3
176.079 220.4
176.113 220.5
176.115 220.6
176.126 220.7
176.131 220.8
176.140 220.9
176.182 221
176.221 221.1
176.230 221.2
176.236 221.3
176.237 221.4
176.238 221.5
176.256 221.6
176.261 221.7
176.293 221.8
176.309 221.9
176.346 222
176.365 222.1
176.379 222.2
176.385 222.3
176.387 222.4
176.390 222.5
176.391 222.6
176.403 222.7
176.446 222.8
176.467 222.9
176.481 223
176.488 223.1
176.490 223.2
176.515 223.3
176.519 223.4
176.630 223.5
176.668 223.6
176.693 223.7
176.702 223.8
176.725 223.9
176.756 224
176.760 224.1
176.764 224.2
176.770 224.3
176.773 224.4
176.778 224.5
176.782 224.6
176.806 224.7
176.818 224.8
176.914 224.9
176.945 225
176.964 225.1
176.977 225.2
176.995 225.3
176.998 225.4
177.002 225.5
177.007 225.6
177.026 225.7
177.056 225.8
177.098 225.9
177.101 226
177.190 226.1
177.205 226.2
177.213 226.3
177.217 226.4
177.226 226.5
177.258 226.6
177.262 226.7
177.273 226.8
177.274 226.9
177.280 227
177.289 227.1
177.297 227.2
177.331 227.3
177.370 227.4
177.460 227.5
177.500 227.6
177.510 227.7
177.517 227.8
177.527 227.9
177.569 228
177.597 228.1
177.609 228.2
177.625 228.3
177.628 228.4
177.665 228.5
177.687 228.6
177.755 228.7
177.819 228.8
177.926 228.9
177.941 229
177.976 229.1
177.979 229.2
177.986 229.3
178.024 229.4
178.037 229.5
178.071 229.6
178.102 229.7
178.111 229.8
178.128 229.9
178.131 230
178.133 230.1
178.198 230.2
178.214 230.3
178.242 230.4
178.266 230.5
178.295 230.6
178.314 230.7
178.333 230.8
178.335 230.9
178.525 231
178.528 231.1
178.535 231.2
178.548 231.3
178.576 231.4
178.581 231.5
178.616 231.6
178.622 231.7
178.640 231.8
178.732 231.9
178.761 232
178.773 232.1
178.779 232.2
178.799 232.3
178.816 232.4
178.837 232.5
178.839 232.6
178.873 232.7
178.875 232.8
178.943 232.9
178.973 233
178.991 233.1
179.080 233.2
179.091 233.3
179.167 233.4
179.260 233.5
179.263 233.6
179.336 233.7
179.361 233.8
179.459 233.9
179.459 234
179.517 234.1
179.583 234.2
179.621 234.3
179.627 234.4
179.671 234.5
179.675 234.6
179.706 234.7
179.708 234.8
179.725 234.9
179.756 235
179.811 235.1
179.868 235.2
179.874 235.3
179.876 235.4
179.888 235.5
179.897 235.6
179.899 235.7
179.964 235.8
180.050 235.9
180.069 236
180.189 236.1
180.207 236.2
180.224 236.3
180.232 236.4
180.250 236.5
180.263 236.6
180.278 236.7
180.325 236.8
180.354 236.9
180.410 237
180.438 237.1
180.464 237.2
180.516 237.3
180.518 237.4
180.543 237.5
180.546 237.6
180.592 237.7
180.625 237.8
180.626 237.9
180.643 238
180.673 238.1
180.712 238.2
180.791 238.3
180.800 238.4
180.807 238.5
180.824 238.6
180.843 238.7
180.850 238.8
180.893 238.9
180.928 239
180.993 239.1
181.020 239.2
181.039 239.3
181.077 239.4
181.266 239.5
181.339 239.6
181.342 239.7
181.379 239.8
181.447 239.9
181.450 240
181.475 240.1
181.497 240.2
181.567 240.3
181.585 240.4
181.586 240.5
181.596 240.6
181.628 240.7
181.636 240.8
181.654 240.9
181.667 241
181.693 241.1
181.723 241.2
181.781 241.3
181.783 241.4
181.823 241.5
181.891 241.6
182.080 241.7
182.154 241.8
182.231 241.9
182.231 242
182.481 242.1
182.501 242.2
182.509 242.3
182.521 242.4
182.545 242.5
182.560 242.6
182.700 242.7
182.751 242.8
182.757 242.9
182.826 243
182.881 243.1
182.901 243.2
182.942 243.3
183.030 243.4
183.065 243.5
183.091 243.6
183.106 243.7
183.130 243.8
183.165 243.9
183.189 244
183.212 244.1
183.226 244.2
183.331 244.3
183.344 244.4
183.344 244.5
183.350 244.6
183.601 244.7
183.626 244.8
183.641 244.9
183.667 245
183.751 245.1
183.770 245.2
183.878 245.3
183.901 245.4
183.945 245.5
184.085 245.6
184.133 245.7
184.232 245.8
184.396 245.9
184.421 246
184.455 246.1
184.468 246.2
184.516 246.3
184.569 246.4
184.680 246.5
184.684 246.6
184.692 246.7
184.810 246.8
184.938 246.9
184.944 247
185.031 247.1
185.051 247.2
185.057 247.3
185.058 247.4
185.084 247.5
185.152 247.6
185.266 247.7
185.277 247.8
185.338 247.9
185.386 248
185.449 248.1
185.477 248.2
185.524 248.3
185.602 248.4
185.809 248.5
185.856 248.6
185.870 248.7
186.029 248.8
186.072 248.9
186.264 249
186.500 249.1
186.603 249.2
186.620 249.3
186.705 249.4
186.712 249.5
186.720 249.6
186.740 249.7
186.762 249.8
186.964 249.9
187.052 250
187.086 250.1
187.113 250.2
187.129 250.3
187.130 250.4
187.138 250.5
187.174 250.6
187.297 250.7
187.348 250.8
187.382 250.9
187.442 251
187.481 251.1
187.623 251.2
187.628 251.3
187.801 251.4
187.877 251.5
187.894 251.6
188.222 251.7
188.223 251.8
188.284 251.9
188.287 252
188.345 252.1
188.365 252.2
188.623 252.3
188.786 252.4
188.787 252.5
188.801 252.6
188.803 252.7
188.812 252.8
188.817 252.9
188.822 253
188.954 253.1
189.026 253.2
189.047 253.3
189.101 253.4
189.141 253.5
189.229 253.6
189.365 253.7
189.381 253.8
189.581 253.9
189.700 254
189.707 254.1
189.748 254.2
189.763 254.3
189.763 254.4
189.839 254.5
189.875 254.6
189.952 254.7
190.111 254.8
190.149 254.9
190.359 255
190.375 255.1
190.398 255.2
190.447 255.3
190.507 255.4
190.591 255.5
190.597 255.6
190.797 255.7
190.807 255.8
190.935 255.9
190.955 256
190.963 256.1
191.024 256.2
191.026 256.3
191.106 256.4
191.157 256.5
191.223 256.6
191.349 256.7
191.357 256.8
191.449 256.9
191.578 257
191.689 257.1
191.752 257.2
191.808 257.3
191.867 257.4
192.005 257.5
192.038 257.6
192.117 257.7
192.136 257.8
192.295 257.9
192.364 258
192.368 258.1
192.417 258.2
192.457 258.3
192.637 258.4
192.671 258.5
192.738 258.6
192.879 258.7
193.151 258.8
193.163 258.9
193.280 259
193.324 259.1
193.357 259.2
193.427 259.3
193.439 259.4
193.643 259.5
193.865 259.6
193.889 259.7
193.948 259.8
193.975 259.9
194.102 260
194.110 260.1
194.270 260.2
194.568 260.3
194.666 260.4
194.783 260.5
195.004 260.6
195.068 260.7
195.097 260.8
195.158 260.9
195.166 261
195.222 261.1
195.310 261.2
195.394 261.3
195.494 261.4
195.523 261.5
195.624 261.6
195.635 261.7
195.676 261.8
195.758 261.9
195.892 262
195.974 262.1
196.024 262.2
196.107 262.3
196.217 262.4
196.296 262.5
196.317 262.6
196.450 262.7
196.855 262.8
197.355 262.9
197.549 263
197.592 263.1
197.593 263.2
197.630 263.3
197.703 263.4
197.746 263.5
197.771 263.6
197.849 263.7
197.880 263.8
197.895 263.9
197.939 264
198.042 264.1
198.042 264.2
198.178 264.3
198.275 264.4
198.289 264.5
198.439 264.6
198.540 264.7
198.574 264.8
198.981 264.9
198.990 265
199.116 265.1
199.255 265.2
199.314 265.3
199.342 265.4
199.359 265.5
199.463 265.6
199.639 265.7
199.661 265.8
199.677 265.9
199.757 266
199.846 266.1
200.074 266.2
200.195 266.3
200.200 266.4
200.417 266.5
200.457 266.6
200.651 266.7
200.697 266.8
200.905 266.9
200.916 267
200.940 267.1
201.035 267.2
201.048 267.3
201.061 267.4
201.137 267.5
201.156 267.6
201.156 267.7
201.219 267.8
201.276 267.9
201.340 268
201.508 268.1
201.581 268.2
201.784 268.3
201.952 268.4
202.195 268.5
202.296 268.6
202.411 268.7
202.562 268.8
202.621 268.9
202.922 269
203.074 269.1
203.117 269.2
203.200 269.3
203.315 269.4
203.343 269.5
203.363 269.6
203.387 269.7
203.452 269.8
203.467 269.9
203.472 270
203.566 270.1
203.572 270.2
203.596 270.3
203.619 270.4
203.793 270.5
203.854 270.6
203.862 270.7
204.027 270.8
204.094 270.9
204.177 271
204.190 271.1
204.250 271.2
204.369 271.3
204.446 271.4
204.544 271.5
204.650 271.6
204.844 271.7
204.894 271.8
205.088 271.9
205.114 272
205.148 272.1
205.148 272.2
205.159 272.3
205.270 272.4
205.677 272.5
205.717 272.6
205.746 272.7
205.756 272.8
205.937 272.9
206.001 273
206.069 273.1
206.151 273.2
206.166 273.3
206.197 273.4
206.233 273.5
206.326 273.6
206.720 273.7
206.850 273.8
206.872 273.9
206.944 274
206.958 274.1
207.057 274.2
207.129 274.3
207.287 274.4
207.369 274.5
207.502 274.6
207.614 274.7
207.727 274.8
207.940 274.9
207.953 275
207.957 275.1
207.972 275.2
208.198 275.3
208.255 275.4
208.293 275.5
208.524 275.6
209.124 275.7
209.386 275.8
209.461 275.9
209.716 276
209.731 276.1
210.000 276.2
210.112 276.3
210.604 276.4
211.188 276.5
211.930 276.6
212.470 276.7
212.562 276.8
213.213 276.9
213.593 277
213.654 277.1
214.169 277.2
214.227 277.3
214.329 277.4
214.491 277.5
214.499 277.6
214.580 277.7
214.676 277.8
214.759 277.9
215.031 278
215.166 278.1
215.174 278.2
215.202 278.3
215.244 278.4
215.356 278.5
215.403 278.6
215.629 278.7
215.833 278.8
215.915 278.9
215.949 279
216.120 279.1
216.214 279.2
216.898 279.3
217.178 279.4
217.620 279.5
217.701 279.6
217.778 279.7
217.924 279.8
217.974 279.9
218.068 280
218.075 280.1
218.122 280.2
218.316 280.3
218.557 280.4
219.388 280.5
220.318 280.6
220.782 280.7
220.869 280.8
222.260 280.9
223.799 281
224.051 281.1
224.753 281.2
225.521 281.3
225.738 281.4
226.678 281.5
226.717 281.6
227.079 281.7
227.136 281.8
227.836 281.9
228.016 282
228.666 282.1
229.078 282.2
229.661 282.3
230.148 282.4
230.662 282.5
231.069 282.6
231.295 282.7
231.510 282.8
231.531 282.9
231.918 283
232.007 283.1
232.112 283.2
232.146 283.3
232.441 283.4
233.074 283.5
233.305 283.6
233.469 283.7
234.153 283.8
234.322 283.9
234.486 284
234.923 284.1
235.488 284.2
235.974 284.3
235.988 284.4
236.779 284.5
237.045 284.6
237.900 284.7
239.230 284.8
239.616 284.9
239.716 285
240.367 285.1
240.634 285.2
240.732 285.3
241.047 285.4
242.315 285.5
242.349 285.6
242.393 285.7
242.812 285.8
243.319 285.9
243.895 286
244.148 286.1
244.281 286.2
245.991 286.3
247.216 286.4
248.086 286.5
248.478 286.6
249.470 286.7
250.300 286.8
250.644 286.9
251.285 287
251.570 287.1
252.005 287.2
252.050 287.3
253.595 287.4
253.720 287.5
253.845 287.6
255.025 287.7
255.224 287.8
256.193 287.9
256.744 288
257.202 288.1
257.264 288.2
257.551 288.3
259.224 288.4
259.525 288.5
260.152 288.6
260.941 288.7
261.411 288.8
261.886 288.9
261.953 289
262.478 289.1
263.915 289.2
264.467 289.3
265.271 289.4
267.918 289.5
275.051 289.6
275.527 289.7
275.616 289.8
277.222 289.9
277.572 290
278.051 290.1
279.616 290.2
280.355 290.3
280.616 290.4
280.706 290.5
281.340 290.6
282.094 290.7
282.457 290.8
283.019 290.9
283.057 291
284.696 291.1
285.046 291.2
285.710 291.3
286.229 291.4
286.313 291.5
286.558 291.6
287.141 291.7
287.735 291.8
288.544 291.9
288.707 292
290.312 292.1
290.560 292.2
290.627 292.3
291.368 292.4
293.252 292.5
296.548 292.6
298.217 292.7
299.090 292.8
302.563 292.9
303.536 293
304.267 293.1
304.349 293.2
304.886 293.3
306.208 293.4
307.325 293.5
308.179 293.6
309.315 293.7
309.378 293.8
310.198 293.9
313.619 294
315.328 294.1
319.967 294.2
320.066 294.3
320.074 294.4
328.391 294.5
328.505 294.6
329.529 294.7
330.013 294.8
330.390 294.9
331.285 295
331.525 295.1
332.047 295.2
332.314 295.3
333.722 295.4
333.815 295.5
338.432 295.6
339.660 295.7
340.951 295.8
341.485 295.9
342.377 296
343.918 296.1
343.988 296.2
347.195 296.3
348.417 296.4
350.775 296.5
354.809 296.6
365.411 296.7
366.457 296.8
368.662 296.9
369.026 297
369.615 297.1
371.787 297.2
372.401 297.3
376.505 297.4
377.187 297.5
377.531 297.6
378.347 297.7
379.573 297.8
381.533 297.9
384.774 298
389.679 298.1
389.901 298.2
396.298 298.3
405.533 298.4
405.902 298.5
405.910 298.6
409.062 298.7
409.310 298.8
409.401 298.9
409.472 299
409.551 299.1
419.719 299.2
427.201 299.3
427.250 299.4
432.783 299.5
433.777 299.6
437.419 299.7
440.555 299.8
446.901 299.9
447.097 300
448.992 300.1
455.503 300.2
456.100 300.3
456.321 300.4
467.767 300.5
468.878 300.6
471.844 300.7
471.914 300.8
477.406 300.9
481.064 301
483.318 301.1
488.676 301.2
489.251 301.3
490.713 301.4
490.794 301.5
496.677 301.6
498.136 301.7
503.558 301.8
524.042 301.9
548.905 302
588.892 302.1
613.179 302.2
627.728 302.3
628.008 302.4
662.598 302.5
675.604 302.6
803.935 302.7
823.271 302.8
1186.692 302.9
1188.393 303
1206.238 303.1
1208.622 303.2
1228.679 303.3
1235.586 303.4
1256.060 303.5
1318.274 303.6
1439.250 303.7
1439.333 303.8
1516.204 303.9
1726.760 304
1741.112 304.1
1741.344 304.2
2074.159 304.3
2083.244 304.4
2083.376 304.5
2939.921 304.6
2940.182 304.7
