14.641
32.794
45.257
17.084
86.224
178.071
174.229
167.318
207.287

5.285
29.353
49.592
49.215
106.521
177.213
196.450
171.450
218.068

10.301
36.314
54.764
42.783
84.317
181.339
172.209
168.559
204.844

4.272
33.660
54.029
29.265
81.389
168.928
183.344
172.431
306.208

6.620
39.425
58.855
29.838
80.339
170.904
176.390
174.570
195.974

7.363
34.495
42.888
56.330
107.481
193.163
182.560
173.785
275.616

4.543
30.910
62.223
45.020
95.080
171.185
166.924
171.738
245.991

5.389
36.819
46.674
44.769
78.228
187.052
173.911
175.286
206.958

9.557
32.339
46.290
30.139
105.060
188.365
180.712
172.757
328.391

233.074
240.732
242.812
18.116
83.631
198.275
180.807
165.315
201.156

7.951
43.197
49.005
38.506
77.633
194.568
175.121
174.957
662.598

5.127
28.634
48.859
35.715
79.175
183.065
190.507
177.609
207.940

12.970
56.341
56.214
47.728
77.186
199.314
195.004
173.357
226.717

329.529
343.988
347.195
24.627
89.350
275.527
250.300
197.895
524.042

7.947
45.668
60.620
38.900
73.180
296.548
290.627
218.557
348.417

4.276
27.397
48.190
40.708
85.717
244.281
224.753
167.632
184.516

10.738
29.649
46.083
44.148
114.021
173.117
166.439
177.331
350.775

7.977
45.766
45.955
43.831
89.454
182.751
185.266
174.986
481.064

9.189
15.025
26.838
17.027
78.217
175.166
171.941
170.051
169.318

4.502
12.575
27.097
27.651
73.466
168.677
170.766
176.782
285.046

3.447
24.051
24.998
18.758
75.941
169.185
173.994
172.168
172.266

9.924
9.659
24.574
24.170
67.554
168.178
173.144
174.424
376.505

6.575
10.616
24.512
17.467
75.820
183.331
178.622
191.357
176.261

6.471
26.981
19.104
17.057
77.811
162.604
177.687
177.510
170.180

1.847
19.456
18.074
19.131
78.152
173.555
187.138
173.638
169.578

6.785
17.004
23.100
47.693
71.632
178.102
174.748
167.766
169.970

8.718
15.406
20.126
24.610
76.199
172.037
168.250
175.458
165.594

6.978
17.344
19.485
10.400
71.310
171.870
173.693
187.086
167.257

7.007
14.856
17.004
16.785
78.055
198.042
190.591
181.585
384.774

7.495
14.466
18.071
18.983
70.435
176.998
174.500
171.659
239.616

3.742
6.623
28.595
22.557
74.108
163.134
174.956
169.396
315.328

14.062
16.507
21.396
15.002
78.736
176.379
174.660
166.704
257.202

11.044
26.567
35.249
14.293
73.966
251.285
240.367
177.026
180.250

6.611
12.243
23.633
14.969
73.622
177.273
171.110
174.892
205.677

6.736
22.017
59.282
14.671
76.330
169.333
175.177
176.760
203.572

6.691
14.957
18.733
17.910
77.517
174.864
172.588
180.626
227.079

7.105
18.970
19.152
11.383
83.214
195.158
199.463
171.064
173.603

11.475
20.388
22.940
18.437
76.759
175.058
168.922
169.122
167.798

10.956
23.435
28.193
17.129
74.369
176.238
178.640
167.120
185.449

6.683
20.633
25.664
20.777
73.216
166.648
173.941
175.114
166.140

6.698
18.909
18.890
10.572
77.031
172.147
175.491
178.266
189.839

7.784
13.313
19.831
23.729
70.864
180.224
174.847
174.090
188.345

9.891
15.974
50.452
22.132
97.209
174.784
177.926
174.473
341.485

6.810
18.714
21.719
20.776
75.678
172.528
177.941
181.039
180.546

6.849
9.021
19.287
22.979
71.983
169.913
171.711
165.432
277.572

7.505
25.252
24.966
30.888
74.402
168.902
172.689
173.474
178.973

13.104
67.456
67.182
48.394
76.470
248.086
233.305
180.592
174.147

28.725
34.764
36.314
13.751
84.334
172.922
177.098
172.255
261.953

1.849
20.546
19.648
14.178
76.171
169.154
177.460
170.760
179.361

12.579
19.024
23.917
16.472
75.689
170.220
179.876
175.593
168.288

9.043
10.639
41.966
57.135
104.773
192.457
168.008
175.445
168.486

9.071
24.303
30.940
25.175
75.075
169.840
176.481
171.535
215.403

6.500
12.531
23.535
11.066
87.029
186.072
173.372
175.404
175.715

6.594
15.240
20.867
15.705
78.178
176.770
175.435
174.569
226.678

6.992
12.572
28.106
18.800
78.352
177.258
171.757
167.207
214.227

8.992
19.638
19.380
51.238
106.513
183.878
172.362
172.920
171.529

10.301
18.668
26.872
17.625
79.848
175.664
175.427
169.187
342.377

6.465
11.532
21.142
20.178
73.773
173.487
169.373
193.324
213.654

11.759
19.781
24.799
19.487
73.357
192.368
171.476
170.806
171.039

7.755
18.377
20.320
13.783
77.466
178.314
175.772
175.401
201.581

7.586
20.466
32.196
15.023
79.175
181.567
176.387
171.733
171.347

6.223
21.532
21.256
23.552
75.496
178.133
173.370
191.026
180.543

10.974
13.255
25.380
13.703
80.378
173.073
172.380
174.734
198.289

6.874
16.304
26.657
13.506
75.887
171.523
172.521
169.645
229.078

5.781
11.380
25.131
12.592
70.819
172.934
181.379
181.497
216.898

5.691
16.972
16.685
12.814
76.326
171.489
169.092
174.642
174.735

5.767
20.613
20.324
14.845
93.989
167.684
174.280
168.952
173.748

7.334
13.630
19.076
15.587
77.019
176.221
173.286
173.334
234.322

6.259
22.481
22.170
17.406
79.176
175.888
176.385
170.144
178.761

5.855
14.242
24.453
15.307
78.289
173.635
171.742
173.059
239.230

7.945
16.255
31.650
19.793
69.615
179.080
167.717
175.788
467.767

5.346
21.636
22.652
25.379
79.203
196.296
186.705
182.826
173.558

6.613
12.381
28.219
18.793
78.918
173.770
180.410
174.352
313.619

5.833
24.977
25.348
18.938
77.394
169.285
169.527
167.609
177.625

8.882
15.257
23.639
19.868
72.945
176.764
178.816
170.519
252.050

5.430
17.960
17.677
10.598
78.489
181.636
202.411
175.706
172.251

10.090
21.649
21.974
20.987
77.345
172.232
172.866
183.626
167.106

7.798
17.321
18.339
15.843
77.352
172.195
172.797
175.095
170.808

3.676
26.146
36.645
21.743
80.595
166.917
171.519
175.252
192.738

5.943
21.917
23.605
13.475
77.448
171.220
166.693
171.361
168.622

5.457
16.966
24.915
48.117
99.342
172.413
169.542
163.852
170.177

8.891
16.182
18.866
12.732
82.278
177.101
174.725
170.565
168.450

18.262
63.029
70.225
13.826
206.166
257.264
189.707
446.901
437.419

5.920
10.329
171.791
149.576
548.905
490.794
405.533
368.662

12.131
20.788
215.166
120.301
232.146
173.845
196.855
197.593
310.198

16.505
40.315
40.026
54.297
98.085
267.918
253.720
192.671
198.574

19.590
30.435
38.950
17.069
85.149
217.178
203.862
172.485
174.028

10.268
19.014
25.782
21.600
77.171
175.004
173.230
176.126
179.459

6.839
22.267
26.101
13.097
76.799
165.945
180.673
167.683
177.007

9.576
14.546
20.435
17.048
73.675
189.229
181.823
168.357
206.233

5.836
16.752
16.428
19.132
76.906
174.969
171.991
171.743
182.757

5.587
17.294
27.732
23.425
72.441
170.346
180.232
174.860
243.319

19.420
21.671
41.177
13.657
77.875
173.070
165.965
162.401
178.037

7.779
17.959
25.215
23.625
75.403
174.734
169.699
179.627
176.818

7.542
19.682
30.159
17.245
74.003
172.922
168.231
166.897
256.193

19.227
29.189
29.304
24.709
75.418
176.131
176.113
187.877
172.769

8.236
24.403
24.085
29.986
77.150
169.973
176.519
174.961
175.453

5.126
7.489
25.173
25.142
75.841
161.298
174.975
169.128
371.787

11.584
16.762
26.174
14.168
78.737
190.807
182.545
174.363
179.260

6.091
10.964
24.932
14.559
79.651
169.051
169.137
174.367
200.074

5.215
15.468
18.691
15.429
69.483
167.311
177.289
165.407
168.757

7.745
12.917
23.723
32.143
80.142
174.981
172.914
176.995
456.100

6.238
11.403
22.090
13.159
75.553
176.346
174.184
183.165
215.915

11.193
20.845
20.715
15.845
79.424
172.801
168.200
165.134
377.531

9.582
24.717
24.383
20.407
81.478
174.004
169.584
170.940
184.938

10.999
49.774
41.407
37.779
78.886
163.724
179.706
178.528
237.900

5.558
10.981
29.473
21.830
74.282
186.964
167.772
175.127
197.939

5.721
17.963
18.909
18.166
85.586
175.637
170.080
193.865
230.148

5.498
20.914
21.833
24.503
76.537
218.075
206.151
174.961
170.204

6.045
16.558
20.218
15.409
69.999
172.066
177.569
174.431
172.220

5.707
13.852
20.579
15.458
82.347
172.674
176.490
167.157
242.349

7.983
13.933
16.547
13.765
69.308
168.809
167.853
171.930
201.276

5.690
23.986
23.706
19.601
74.702
174.974
169.335
166.663
166.537

7.994
12.364
22.233
28.378
82.040
174.135
172.327
188.812
170.775

24.953
36.191
41.539
15.881
68.109
177.500
168.236
172.272
448.992

7.887
23.296
23.380
21.325
76.691
173.279
171.241
239.716
195.494

4.881
11.442
20.268
19.910
72.981
171.616
178.024
171.379
176.693

5.091
10.746
15.259
19.624
73.743
195.166
193.643
205.270
205.088

5.699
12.174
17.862
22.262
69.402
170.478
170.814
174.014
234.923

1.852
11.877
27.811
21.886
70.811
165.309
169.901
174.254
170.146

5.769
17.167
19.854
16.032
80.385
170.010
168.289
173.608
203.566

5.518
15.777
17.313
21.413
80.827
172.182
172.641
166.516
265.271

5.541
14.098
22.305
13.903
79.911
187.801
169.356
182.231
260.152

7.547
8.065
23.798
13.725
76.093
174.885
218.122
174.826
447.097

7.552
18.655
25.381
19.536
75.425
170.611
164.961
172.703
175.249

10.237
23.529
28.951
16.495
73.296
167.160
170.325
176.365
169.032

6.124
19.628
17.174
19.259
77.918
171.397
171.769
176.256
172.400

5.556
15.538
22.041
16.821
76.847
172.571
169.164
170.837
171.532

1.754
14.838
20.657
20.999
70.476
173.485
172.346
174.047
218.316

6.046
18.553
20.510
14.471
80.585
168.562
170.258
178.198
175.964

5.536
16.483
20.873
12.964
84.537
174.602
171.462
183.091
173.082

10.034
20.035
20.195
19.442
75.848
170.492
176.293
167.854
190.935

8.361
22.579
22.350
17.175
75.203
168.105
164.986
168.748
171.015

7.790
12.205
17.468
18.682
76.088
171.601
168.461
166.286
186.603

24.623
35.472
74.182
27.864
80.091
186.762
181.586
171.010
206.001

6.081
16.413
24.446
21.086
77.621
170.114
176.446
171.176
185.477

11.447
20.915
16.813
16.186
75.469
169.237
172.320
172.142
180.050

8.020
18.551
26.353
17.516
74.222
170.483
172.534
171.854
174.745

7.647
14.162
29.870
26.100
79.768
178.799
171.736
170.305
338.432

7.974
11.480
23.767
15.323
77.052
169.338
174.632
163.545
255.224

9.766
15.361
26.127
13.487
77.430
173.607
172.842
168.591
18.374
36.150
39.391
14.704
76.585
190.963
180.325
173.790
213.593

9.404
20.665
30.321
11.666
79.302
177.226
172.926
180.516
188.801

5.955
22.263
38.729
37.631
77.081
169.611
173.164
175.293
178.335

8.718
32.557
40.885
41.910
77.901
215.031
209.716
166.730
203.596

10.004
31.446
56.774
40.230
78.990
191.157
188.803
206.197
204.650

9.205
32.957
85.053
35.724
144.792
178.535
167.111
182.154
377.187

6.154
37.153
54.187
41.582
90.360
173.536
174.090
175.245
215.833

3.615
27.796
77.567
63.678
144.578
171.320
169.229
168.521
304.349

13.680
21.533
45.521
14.864
83.404
205.148
192.364
171.991
204.190

33.884
38.087
50.694
30.815
101.851
173.289
174.299
174.848
304.886

4.974
41.543
70.729
92.437
82.503
234.486
240.634
197.549
204.250

330.390
331.525
331.285
15.769
82.822
290.312
284.696
220.869
201.035

22.917
31.064
54.380
28.318
215.174
215.244
214.491
206.850
185.870

7.577
27.312
49.842
41.904
78.856
178.111
171.550
182.231
200.697

8.789
27.915
47.365
33.708
73.695
199.359
193.357
171.603
200.417

29.510
34.115
51.007
27.259
89.935
174.791
172.677
207.957
202.621

7.038
53.814
58.836
41.337
91.110
187.348
179.708
181.342
244.148

5.866
62.240
67.335
60.686
78.232
176.702
168.640
192.005
198.990

8.796
46.882
64.392
44.752
71.873
171.266
177.755
175.325
225.738

3.677
22.571
72.129
67.246
139.239
212.470
183.901
203.472
488.676

8.422
52.321
52.097
21.298
85.367
200.916
184.692
166.412
219.388

14.238
21.913
26.755
20.458
80.275
173.625
171.617
174.495
173.699

7.224
33.710
45.517
33.478
78.338
184.232
172.071
173.524
253.595

5.223
40.897
48.185
46.454
76.089
189.875
179.517
172.256
205.148

8.969
35.304
59.659
50.078
78.684
248.478
251.570
182.881
168.006

5.076
101.932
280.706
262.478
1188.393
1186.692
503.558
299.090
247.216

9.237
43.407
59.890
42.340
76.826
181.596
186.620
169.718
440.555

6.518
167.981
176.773
191.223
286.558
308.179
365.411
285.710

7.288
38.935
52.398
40.427
87.601
177.665
172.990
168.132
379.573

7.331
26.954
40.131
41.952
99.455
197.746
173.309
173.687
333.815

5.967
126.663
126.362
105.662
173.823
232.441
275.051
205.746
304.267

3.788
40.046
54.172
47.295
95.519
173.386
169.536
171.111
471.914

8.432
33.169
49.002
25.669
80.229
175.633
181.781
167.122
293.252

3.762
23.776
72.197
63.477
114.828
175.172
175.660
180.189
183.344

15.668
43.261
59.359
40.640
92.532
186.712
193.975
174.290
184.396

10.896
42.882
46.183
25.071
76.489
172.922
176.778
168.180
174.635

6.901
32.321
45.948
35.218
106.214
278.051
241.047
183.667
176.725

16.963
51.501
69.632
37.962
86.333
205.756
176.914
175.750
202.296

6.073
24.167
45.426
39.097
116.562
181.693
183.189
179.459
378.347

6.777
30.428
53.030
42.451
81.766
200.457
200.200
168.330
203.467

230.662
231.295
231.531
15.779
80.426
179.899
177.527
176.391
354.809

8.603
27.322
40.217
37.640
81.545
188.223
174.015
174.303
229.661

15.264
122.361
283.057
298.217
288.544
213.213
280.355
208.255
432.783

3.582
29.462
41.947
31.748
107.621
187.628
163.826
172.587
483.318

65.261
65.677
68.621
19.670
76.853
201.061
177.262
176.182
203.854

4.058
41.526
53.650
38.574
94.800
179.897
172.984
177.819
174.477

5.277
32.294
44.370
33.439
75.282
175.949
207.953
173.397
183.030

6.116
28.570
48.295
34.599
90.070
170.566
172.100
174.298
187.129

5.145
32.581
44.791
33.231
78.651
179.725
174.899
171.946
199.757

4.972
28.190
37.436
34.956
87.404
180.263
178.991
174.533
280.616

7.261
30.035
109.701
88.027
206.720
185.386
169.765
471.844

13.858
106.464
137.013
112.339
147.142
235.488
176.977
167.678
427.250

48.980
167.585
333.722
206.326
111.454
242.393
242.315
192.038
183.770

6.864
40.055
71.139
68.279
96.909
183.945
190.398
203.452
178.131

10.418
48.333
66.509
49.364
73.229
175.024
171.658
172.529
180.824

20.717
2940.182
2939.921
123.249
220.782
214.580
369.615
184.085

7.776
36.569
43.851
13.787
81.217
180.438
178.128
173.130
172.926

16.008
147.417
235.988
433.777
232.112
232.007
187.174
217.924

6.627
29.337
44.236
45.734
103.649
175.311
184.569
176.630
180.800

5.461
37.211
46.124
46.656
99.878
168.762
168.061
174.493
286.229

9.197
58.795
58.569
50.299
74.770
179.964
168.034
163.562
200.940

6.994
41.058
54.924
37.228
95.770
177.979
172.391
184.421
188.787

10.096
33.267
52.037
38.267
97.726
185.277
180.993
174.293
198.540

4.906
35.785
43.131
41.279
91.070
173.710
167.739
179.336
184.680

14.576
55.140
120.274
127.129
215.202
419.719
332.314
803.935

5.034
31.159
39.484
44.149
83.588
287.735
282.094
204.094
290.560

3.896
27.284
38.666
42.581
89.058
173.232
170.561
174.191
197.703

10.209
133.966
133.737
193.427
114.628
1206.238
1228.679
1256.060
185.058

409.551
409.472
409.401
409.310
496.677
264.467

6.485
42.616
68.923
34.529
101.943
172.468
171.070
164.571
173.036

4.137
57.253
160.931
147.216
204.894
181.475
252.005
204.544
343.918

6.203
40.366
47.290
39.995
90.041
178.779
172.892
175.936
171.409

7.319
27.515
60.112
51.202
79.422
231.069
231.510
177.274
176.668

8.300
34.110
55.136
40.457
82.271
169.099
171.865
169.730
202.195

5.386
30.166
44.247
40.320
73.475
179.621
180.625
177.217
191.106

9.669
45.715
82.441
70.080
108.049
173.656
202.562
193.948
208.524

4.840
34.074
39.989
32.504
98.818
182.509
179.868
169.191
203.074

7.583
30.365
46.574
34.816
80.748
173.299
167.355
178.548
260.941

7.139
38.642
49.153
47.216
96.091
164.072
178.242
179.675
255.025

4.873
39.018
47.048
37.632
83.133
174.093
174.463
174.789
201.508

146.483
151.527
153.207
15.303
100.870
189.026
170.082
173.640
197.849

7.527
35.263
43.909
28.259
83.668
192.879
177.517
169.951
234.153

162.328
176.467
176.237
19.654
79.658
286.313
263.915
204.446
167.124

6.753
34.726
52.511
58.368
83.158
197.355
178.773
174.233
206.944

5.531
46.115
51.559
55.866
83.345
164.009
170.905
167.695
211.188

5.072
19.583
35.091
47.285
96.892
191.449
183.350
170.660
194.270

14.453
58.280
191.689
170.825
135.308
191.024
208.198
198.439
220.318

7.934
36.935
161.943
137.077
72.857
223.799
237.045
168.286
288.707

116.862
116.784
176.140
183.601
182.481
188.954

20.451
35.426
37.145
17.830
78.690
217.620
217.974
176.403
279.616

5.145
34.015
40.469
31.312
105.561
191.349
165.930
175.665
180.843

3.655
33.469
42.295
38.310
87.011
192.637
171.827
184.468
193.439

4.630
30.166
53.266
39.361
78.350
178.295
180.354
162.516
489.251

5.149
31.685
50.955
21.462
97.848
178.943
177.597
171.739
201.048

7.740
73.210
105.074
79.665
83.902
179.091
185.031
176.964
208.293

8.210
41.407
56.588
47.763
111.888
168.312
171.705
169.496
236.779

8.842
82.193
85.776
92.381
82.415
195.676
195.222
200.651
303.536

5.046
25.355
41.363
43.720
78.932
185.084
175.875
176.230
339.660

5.152
30.822
40.209
39.840
82.881
173.418
166.082
172.132
214.759

5.991
37.290
70.649
29.717
85.412
168.777
174.594
176.945
330.013

7.790
31.267
55.231
52.226
81.864
178.214
189.141
171.773
455.503

8.207
37.403
54.423
41.157
84.322
172.446
188.287
175.587
194.783

3.668
37.353
46.529
39.269
90.831
203.343
210.604
176.488
233.469

3.589
30.693
41.251
40.934
105.680
206.872
171.762
176.806
187.382

8.199
30.782
54.806
28.197
75.924
217.778
215.949
188.786
203.200

6.617
34.328
41.157
29.927
76.272
166.987
168.892
173.380
173.015

4.966
23.954
47.042
37.798
87.834
170.963
174.590
170.135
205.114

8.513
31.554
42.099
37.730
74.067
259.525
257.551
190.597
175.156

4.749
23.869
54.063
45.724
80.581
170.810
170.779
174.827
199.342

4.847
30.699
54.149
42.499
97.487
184.810
189.047
171.890
427.201

24.595
41.995
67.679
58.975
75.944
196.317
189.700
180.893
201.156

6.510
27.541
37.419
39.696
81.298
178.875
201.784
170.208
372.401

6.915
25.473
43.780
34.655
100.034
195.394
169.508
172.908
201.952

6.563
29.747
45.885
32.390
88.989
178.576
174.963
175.126
170.440

6.553
23.837
46.712
35.727
98.080
181.667
190.797
175.777
172.036

5.526
26.189
151.971
142.672
119.959
1439.333
1439.250
1318.274
194.666

5.914
1741.344
1741.112
1726.760
309.378
309.315
277.222
1516.204
823.271

5.763
29.317
40.919
23.325
94.231
168.965
171.103
182.080
174.834

4.084
25.381
45.269
46.617
79.849
174.818
171.362
176.034
183.212

5.645
22.388
48.567
49.499
93.595
169.688
178.839
175.192
172.150

4.938
34.419
45.164
37.720
97.553
183.641
175.427
171.969
199.116

6.341
36.371
48.465
30.027
97.285
181.077
171.703
174.981
200.195

4.741
28.199
66.669
119.401
174.092
291.368
259.224
170.449

5.420
31.472
44.328
35.888
99.243
184.455
172.949
176.079
203.117

5.193
34.091
40.332
44.765
75.876
168.542
179.811
183.751
224.051

6.151
30.794
41.521
38.801
75.039
192.117
188.822
171.473
228.016

9.010
52.436
91.538
79.805
98.262
166.790
182.942
166.409
477.406

5.807
24.975
45.942
47.473
80.545
181.654
190.359
166.669
490.713

5.534
37.597
50.269
43.024
77.342
172.025
171.691
180.207
207.369

5.719
22.000
59.194
26.401
91.219
180.850
177.280
169.373
198.981

4.838
29.572
45.734
38.079
79.851
191.578
199.846
170.835
209.461

10.256
34.828
54.317
55.578
79.039
177.370
186.740
173.599
193.151

6.273
35.575
49.276
38.522
89.802
187.894
178.525
207.972
195.310

6.230
39.407
48.022
31.461
84.773
178.616
179.874
184.944
214.499

19.010
51.547
78.047
44.417
98.755
173.540
168.576
170.872
214.676

102.203
102.185
188.284
188.222
191.808
225.521

6.788
48.677
51.681
51.507
94.654
181.447
180.791
167.984
186.029

5.671
35.281
44.777
41.846
80.312
173.875
179.671
176.309
169.270

9.103
28.212
50.470
47.462
80.529
189.381
189.581
165.604
175.057

3.490
20.864
44.476
36.449
100.304
184.684
173.325
175.977
381.533

5.259
24.495
45.614
40.822
93.851
180.643
178.732
172.737
210.000

6.692
37.909
45.922
19.697
82.542
171.138
170.903
187.623
197.880

5.117
25.866
43.103
35.678
111.850
190.149
169.755
170.269
282.457

4.521
43.525
51.058
41.736
89.409
185.856
171.785
179.583
231.918

6.731
21.255
50.181
40.221
93.606
187.113
186.500
173.555
307.325

5.174
24.019
37.755
41.952
83.847
184.133
171.247
187.297
203.793

19.299
41.729
63.085
36.456
97.118
185.051
172.544
179.888
203.315

5.802
40.734
52.998
45.748
82.493
179.167
175.100
173.280
197.771

6.096
32.620
86.346
72.903
83.032
172.491
193.280
176.115
249.470

5.063
25.470
41.722
32.606
88.574
194.102
173.618
178.581
179.756

4.995
33.059
45.647
53.714
92.243
177.190
170.335
188.817
212.562

3.654
33.320
46.216
39.246
70.507
171.275
170.869
168.962
196.107

15.709
59.938
59.686
39.228
113.164
204.177
187.442
168.126
194.110

211.930
215.629
215.356
20.828
74.987
178.837
173.536
166.171
209.731

12.588
43.014
60.629
39.963
102.520
179.263
174.292
168.911
201.340

10.132
42.119
48.800
39.844
90.530
195.892
195.758
175.938
281.340

5.200
36.141
41.113
39.214
88.862
181.020
167.950
171.643
228.666

5.031
31.355
56.955
38.123
96.870
191.867
178.873
178.333
189.365

8.229
49.703
61.149
67.823
77.619
166.803
172.607
173.458
209.124

5.238
37.567
47.275
36.118
81.016
195.635
181.628
173.604
201.137

2.776
8.688
15.175
24.442
86.201
167.730
166.597
173.868
201.219

9.149
58.008
57.740
53.162
76.557
187.130
210.112
174.494
185.524

3.650
27.357
47.606
42.155
80.923
181.450
181.266
163.963
170.676

3.596
30.124
54.908
44.863
87.097
174.026
168.317
175.936
177.986

4.039
31.907
71.438
48.111
77.226
177.056
170.608
173.730
185.809

5.134
24.314
47.551
32.796
76.084
171.769
171.653
165.569
199.677

9.174
31.615
45.835
33.414
130.808
198.178
189.952
176.515
199.661

6.392
26.349
38.880
53.961
73.197
177.976
183.106
198.042
287.141

17.937
31.728
45.330
14.506
83.187
189.763
181.891
177.002
217.701

7.219
32.226
51.643
38.265
86.419
182.521
190.111
165.992
320.074

6.954
32.144
53.124
38.560
83.499
195.624
189.763
164.901
204.027

2074.159
2083.244
2083.376
77.862
88.279
171.974
227.836
171.280
675.604

7.211
628.008
627.728
613.179
89.124
196.217
186.720
195.097
177.628

102.702
126.903
366.457
320.066
319.967
203.387
389.901
332.047

5.105
35.874
71.496
52.475
97.661
167.063
173.943
182.901
203.619

7.049
29.177
41.380
20.290
77.003
175.827
173.385
174.252
498.136

17.393
87.408
190.447
163.898
103.179
216.214
216.120
202.922
588.892

11.724
118.639
328.505
67.252
109.287
205.159
199.639
170.586
235.974

4.144
25.380
65.308
54.668
81.033
180.464
195.523
172.986
389.679

5.246
38.786
41.227
43.203
109.115
190.375
197.592
165.354
468.878

6.034
23.222
47.778
38.234
97.906
192.136
172.320
181.783
405.902

11.521
35.940
58.221
44.721
70.151
196.024
189.101
173.746
200.905

4.811
37.316
261.411
283.019
261.886
209.386
250.644
340.951

9.915
47.648
81.137
61.279
105.493
180.069
185.602
185.338
456.321

4.676
25.467
87.946
47.745
106.798
180.518
166.089
175.941
214.169

8.586
32.496
46.991
42.310
96.861
190.955
189.748
171.420
205.717

4.708
30.986
39.970
40.001
94.055
195.068
193.889
180.928
302.563

15.302
28.372
41.375
24.550
102.374
180.278
170.535
172.613
182.700

4.079
35.021
43.131
45.337
74.370
182.501
183.226
171.271
199.255

6.261
31.424
45.252
57.034
115.412
177.297
177.205
168.242
171.378

6.002
23.091
32.676
21.717
80.381
176.236
170.501
173.126
214.329

18.966
86.060
253.845
409.062
396.298
405.910
369.026
185.152
188.623

6.481
168.148
207.502
256.744
109.141
1235.586
1208.622
170.289
227.136

6.560
147.875
187.481
186.264
120.653
222.260
243.895
207.614
204.369

6.047
37.603
59.421
44.491
86.092
185.057
181.723
167.235
174.602

6.688
67.007
207.129
206.069
205.937
183.130

7.619
31.962
47.631
46.295
76.987
207.727
192.417
167.104
172.815

11.976
41.843
53.911
37.903
91.316
191.752
176.756
171.684
173.818

67.940
113.835
192.295
126.540
141.383
203.363
197.630
175.370
207.057

11.469
79.275
91.225
88.654
82.689
174.592
172.109
172.579
168.557

