1.754
1.847
1.849
1.852
2.776
3.447
3.490
3.582
3.589
3.596
3.615
3.650
3.654
3.655
3.668
3.676
3.677
3.742
3.762
3.788
3.896
4.039
4.058
4.079
4.084
4.137
4.144
4.272
4.276
4.502
4.521
4.543
4.630
4.676
4.708
4.741
4.749
4.811
4.838
4.840
4.847
4.873
4.881
4.906
4.938
4.966
4.972
4.974
4.995
5.031
5.034
5.046
5.063
5.072
5.076
5.091
5.105
5.117
5.126
5.127
5.134
5.145
5.145
5.149
5.152
5.174
5.193
5.200
5.215
5.223
5.238
5.246
5.259
5.277
5.285
5.346
5.386
5.389
5.420
5.430
5.457
5.461
5.498
5.518
5.526
5.531
5.534
5.536
5.541
5.556
5.558
5.587
5.645
5.671
5.690
5.691
5.699
5.707
5.719
5.721
5.763
5.767
5.769
5.781
5.802
5.807
5.833
5.836
5.855
5.866
5.914
5.920
5.943
5.955
5.967
5.991
6.002
6.034
6.045
6.046
6.047
6.073
6.081
6.091
6.096
6.116
6.124
6.151
6.154
6.203
6.223
6.230
6.238
6.259
6.261
6.273
6.341
6.392
6.465
6.471
6.481
6.485
6.500
6.510
6.518
6.553
6.560
6.563
6.575
6.594
6.611
6.613
6.617
6.620
6.623
6.627
6.683
6.688
6.691
6.692
6.698
6.731
6.736
6.753
6.777
6.785
6.788
6.810
6.839
6.849
6.864
6.874
6.901
6.915
6.954
6.978
6.992
6.994
7.007
7.038
7.049
7.105
7.139
7.211
7.219
7.224
7.261
7.288
7.319
7.331
7.334
7.363
7.489
7.495
7.505
7.527
7.542
7.547
7.552
7.577
7.583
7.586
7.619
7.647
7.740
7.745
7.755
7.776
7.779
7.784
7.790
7.790
7.798
7.887
7.934
7.945
7.947
7.951
7.974
7.977
7.983
7.994
8.020
8.065
8.199
8.207
8.210
8.229
8.236
8.300
8.361
8.422
8.432
8.513
8.586
8.603
8.688
8.718
8.718
8.789
8.796
8.842
8.882
8.891
8.969
8.992
9.010
9.021
9.043
9.071
9.103
9.149
9.174
9.189
9.197
9.205
9.237
9.404
9.557
9.576
9.582
9.659
9.669
9.766
9.891
9.915
9.924
10.004
10.034
10.090
10.096
10.132
10.209
10.237
10.256
10.268
10.301
10.301
10.329
10.400
10.418
10.572
10.598
10.616
10.639
10.738
10.746
10.896
10.956
10.964
10.974
10.981
10.999
11.044
11.066
11.193
11.380
11.383
11.403
11.442
11.447
11.469
11.475
11.480
11.521
11.532
11.584
11.666
11.724
11.759
11.877
11.976
12.131
12.174
12.205
12.243
12.364
12.381
12.531
12.572
12.575
12.579
12.588
12.592
12.732
12.814
12.917
12.964
12.970
13.097
13.104
13.159
13.255
13.313
13.475
13.487
13.506
13.630
13.657
13.680
13.703
13.725
13.751
13.765
13.783
13.787
13.826
13.852
13.858
13.903
13.933
14.062
14.098
14.162
14.168
14.178
14.238
14.242
14.293
14.453
14.466
14.471
14.506
14.546
14.559
14.576
14.641
14.671
14.704
14.838
14.845
14.856
14.864
14.957
14.969
15.002
15.023
15.025
15.175
15.240
15.257
15.259
15.264
15.302
15.303
15.307
15.323
15.361
15.406
15.409
15.429
15.458
15.468
15.538
15.587
15.668
15.705
15.709
15.769
15.777
15.779
15.843
15.845
15.881
15.974
16.008
16.032
16.182
16.186
16.255
16.304
16.413
16.428
16.472
16.483
16.495
16.505
16.507
16.547
16.558
16.685
16.752
16.762
16.785
16.813
16.821
16.963
16.966
16.972
17.004
17.004
17.027
17.048
17.057
17.069
17.084
17.129
17.167
17.174
17.175
17.245
17.294
17.313
17.321
17.344
17.393
17.406
17.467
17.468
17.516
17.625
17.677
17.830
17.862
17.910
17.937
17.959
17.960
17.963
18.071
18.074
18.116
18.166
18.262
18.339
18.374
18.377
18.437
18.551
18.553
18.655
18.668
18.682
18.691
18.714
18.733
18.758
18.793
18.800
18.866
18.890
18.909
18.909
18.938
18.966
18.970
18.983
19.010
19.014
19.024
19.076
19.104
19.131
19.132
19.152
19.227
19.259
19.287
19.299
19.380
19.420
19.442
19.456
19.485
19.487
19.536
19.583
19.590
19.601
19.624
19.628
19.638
19.648
19.654
19.670
19.682
19.697
19.781
19.793
19.831
19.854
19.868
19.910
20.035
20.126
20.178
20.195
20.218
20.268
20.290
20.320
20.324
20.388
20.407
20.435
20.451
20.458
20.466
20.510
20.546
20.579
20.613
20.633
20.657
20.665
20.715
20.717
20.776
20.777
20.788
20.828
20.845
20.864
20.867
20.873
20.914
20.915
20.987
20.999
21.086
21.142
21.255
21.256
21.298
21.325
21.396
21.413
21.462
21.532
21.533
21.600
21.636
21.649
21.671
21.717
21.719
21.743
21.830
21.833
21.886
21.913
21.917
21.974
22.000
22.017
22.041
22.090
22.132
22.170
22.233
22.262
22.263
22.267
22.305
22.350
22.388
22.481
22.557
22.571
22.579
22.652
22.917
22.940
22.979
23.091
23.100
23.222
23.296
23.325
23.380
23.425
23.435
23.529
23.535
23.552
23.605
23.625
23.633
23.639
23.706
23.723
23.729
23.767
23.776
23.798
23.837
23.869
23.917
23.954
23.986
24.019
24.051
24.085
24.167
24.170
24.303
24.314
24.383
24.403
24.442
24.446
24.453
24.495
24.503
24.512
24.550
24.574
24.595
24.610
24.623
24.627
24.709
24.717
24.799
24.915
24.932
24.953
24.966
24.975
24.977
24.998
25.071
25.131
25.142
25.173
25.175
25.215
25.252
25.348
25.355
25.379
25.380
25.380
25.381
25.381
25.467
25.470
25.473
25.664
25.669
25.782
25.866
26.100
26.101
26.127
26.146
26.174
26.189
26.349
26.353
26.401
26.567
26.657
26.755
26.838
26.872
26.954
26.981
27.097
27.259
27.284
27.312
27.322
27.357
27.397
27.515
27.541
27.651
27.732
27.796
27.811
27.864
27.915
28.106
28.190
28.193
28.197
28.199
28.212
28.219
28.259
28.318
28.372
28.378
28.570
28.595
28.634
28.725
28.951
29.177
29.189
29.265
29.304
29.317
29.337
29.353
29.462
29.473
29.510
29.572
29.649
29.717
29.747
29.838
29.870
29.927
29.986
30.027
30.035
30.124
30.139
30.159
30.166
30.166
30.321
30.365
30.428
30.435
30.693
30.699
30.782
30.794
30.815
30.822
30.888
30.910
30.940
30.986
31.064
31.159
31.267
31.312
31.355
31.424
31.446
31.461
31.472
31.554
31.615
31.650
31.685
31.728
31.748
31.907
31.962
32.143
32.144
32.196
32.226
32.294
32.321
32.339
32.390
32.496
32.504
32.557
32.581
32.606
32.620
32.676
32.794
32.796
32.957
33.059
33.169
33.231
33.267
33.320
33.414
33.439
33.469
33.478
33.660
33.708
33.710
33.884
34.015
34.074
34.091
34.110
34.115
34.328
34.419
34.495
34.529
34.599
34.655
34.726
34.764
34.816
34.828
34.956
35.021
35.091
35.218
35.249
35.263
35.281
35.304
35.426
35.472
35.575
35.678
35.715
35.724
35.727
35.785
35.874
35.888
35.940
36.118
36.141
36.150
36.191
36.314
36.314
36.371
36.449
36.456
36.569
36.645
36.819
36.935
37.145
37.153
37.211
37.228
37.290
37.316
37.353
37.403
37.419
37.436
37.567
37.597
37.603
37.631
37.632
37.640
37.720
37.730
37.755
37.779
37.798
37.903
37.909
37.962
38.079
38.087
38.123
38.234
38.265
38.267
38.310
38.506
38.522
38.560
38.574
38.642
38.666
38.729
38.786
38.801
38.880
38.900
38.935
38.950
39.018
39.097
39.214
39.228
39.246
39.269
39.361
39.391
39.407
39.425
39.484
39.696
39.840
39.844
39.963
39.970
39.989
39.995
40.001
40.026
40.046
40.055
40.131
40.209
40.217
40.221
40.230
40.315
40.320
40.332
40.366
40.427
40.457
40.469
40.640
40.708
40.734
40.822
40.885
40.897
40.919
40.934
41.058
41.113
41.157
41.157
41.177
41.227
41.251
41.279
41.337
41.363
41.375
41.380
41.407
41.407
41.521
41.526
41.539
41.543
41.582
41.722
41.729
41.736
41.843
41.846
41.904
41.910
41.947
41.952
41.952
41.966
41.995
42.099
42.119
42.155
42.295
42.310
42.340
42.451
42.499
42.581
42.616
42.783
42.882
42.888
43.014
43.024
43.103
43.131
43.131
43.197
43.203
43.261
43.407
43.525
43.720
43.780
43.831
43.851
43.909
44.148
44.149
44.236
44.247
44.328
44.370
44.417
44.476
44.491
44.721
44.752
44.765
44.769
44.777
44.791
44.863
45.020
45.164
45.252
45.257
45.269
45.330
45.337
45.426
45.517
45.521
45.614
45.647
45.668
45.715
45.724
45.734
45.734
45.748
45.766
45.835
45.885
45.922
45.942
45.948
45.955
46.083
46.115
46.124
46.183
46.216
46.290
46.295
46.454
46.529
46.574
46.617
46.656
46.674
46.712
46.882
46.991
47.042
47.048
47.216
47.275
47.285
47.290
47.295
47.365
47.462
47.473
47.551
47.606
47.631
47.648
47.693
47.728
47.745
47.763
47.778
48.022
48.111
48.117
48.185
48.190
48.295
48.333
48.394
48.465
48.567
48.677
48.800
48.859
48.980
49.002
49.005
49.153
49.215
49.276
49.364
49.499
49.592
49.703
49.774
49.842
50.078
50.181
50.269
50.299
50.452
50.470
50.694
50.955
51.007
51.058
51.202
51.238
51.501
51.507
51.547
51.559
51.643
51.681
52.037
52.097
52.226
52.321
52.398
52.436
52.475
52.511
52.998
53.030
53.124
53.162
53.266
53.650
53.714
53.814
53.911
53.961
54.029
54.063
54.149
54.172
54.187
54.297
54.317
54.380
54.423
54.668
54.764
54.806
54.908
54.924
55.136
55.140
55.231
55.578
55.866
56.214
56.330
56.341
56.588
56.774
56.955
57.034
57.135
57.253
57.740
58.008
58.221
58.280
58.368
58.569
58.795
58.836
58.855
58.975
59.194
59.282
59.359
59.421
59.659
59.686
59.890
59.938
60.112
60.620
60.629
60.686
61.149
61.279
62.223
62.240
63.029
63.085
63.477
63.678
64.392
65.261
65.308
65.677
66.509
66.669
67.007
67.182
67.246
67.252
67.335
67.456
67.554
67.679
67.823
67.940
68.109
68.279
68.621
68.923
69.308
69.402
69.483
69.615
69.632
69.999
70.080
70.151
70.225
70.435
70.476
70.507
70.649
70.729
70.811
70.819
70.864
71.139
71.310
71.438
71.496
71.632
71.873
71.983
72.129
72.197
72.441
72.857
72.903
72.945
72.981
73.180
73.197
73.210
73.216
73.229
73.296
73.357
73.466
73.475
73.622
73.675
73.695
73.743
73.773
73.966
74.003
74.067
74.108
74.182
74.222
74.282
74.369
74.370
74.402
74.702
74.770
74.987
75.039
75.075
75.203
75.282
75.403
75.418
75.425
75.469
75.496
75.553
75.678
75.689
75.820
75.841
75.848
75.876
75.887
75.924
75.941
75.944
76.084
76.088
76.089
76.093
76.171
76.199
76.272
76.326
76.330
76.470
76.489
76.537
76.557
76.585
76.691
76.759
76.799
76.826
76.847
76.853
76.906
76.987
77.003
77.019
77.031
77.052
77.081
77.150
77.171
77.186
77.226
77.342
77.345
77.352
77.394
77.430
77.448
77.466
77.517
77.567
77.619
77.621
77.633
77.811
77.862
77.875
77.901
77.918
78.047
78.055
78.152
78.178
78.217
78.228
78.232
78.289
78.338
78.350
78.352
78.489
78.651
78.684
78.690
78.736
78.737
78.856
78.886
78.918
78.932
78.990
79.039
79.175
79.175
79.176
79.203
79.275
79.302
79.422
79.424
79.651
79.658
79.665
79.768
79.805
79.848
79.849
79.851
79.911
80.091
80.142
80.229
80.275
80.312
80.339
80.378
80.381
80.385
80.426
80.529
80.545
80.581
80.585
80.595
80.748
80.827
80.923
81.016
81.033
81.137
81.217
81.298
81.389
81.478
81.545
81.766
81.864
82.040
82.193
82.271
82.278
82.347
82.415
82.441
82.493
82.503
82.542
82.689
82.822
82.881
83.032
83.133
83.158
83.187
83.214
83.345
83.404
83.499
83.588
83.631
83.668
83.847
83.902
84.317
84.322
84.334
84.537
84.773
85.053
85.149
85.367
85.412
85.586
85.717
85.776
86.060
86.092
86.201
86.224
86.333
86.346
86.419
87.011
87.029
87.097
87.404
87.408
87.601
87.834
87.946
88.027
88.279
88.574
88.654
88.862
88.989
89.058
89.124
89.350
89.409
89.454
89.802
89.935
90.041
90.070
90.360
90.530
90.831
91.070
91.110
91.219
91.225
91.316
91.538
92.243
92.381
92.437
92.532
93.595
93.606
93.851
93.989
94.055
94.231
94.654
94.800
95.080
95.519
95.770
96.091
96.861
96.870
96.892
96.909
97.118
97.209
97.285
97.487
97.553
97.661
97.726
97.848
97.906
98.080
98.085
98.262
98.755
98.818
99.243
99.342
99.455
99.878
100.034
100.304
100.870
101.851
101.932
101.943
102.185
102.203
102.374
102.520
102.702
103.179
103.649
104.773
105.060
105.074
105.493
105.561
105.662
105.680
106.214
106.464
106.513
106.521
106.798
107.481
107.621
108.049
109.115
109.141
109.287
109.701
111.454
111.850
111.888
112.339
113.164
113.835
114.021
114.628
114.828
115.412
116.562
116.784
116.862
118.639
119.401
119.959
120.274
120.301
120.653
122.361
123.249
126.362
126.540
126.663
126.903
127.129
130.808
133.737
133.966
135.308
137.013
137.077
139.239
141.383
142.672
144.578
144.792
146.483
147.142
147.216
147.417
147.875
149.576
151.527
151.971
153.207
160.931
161.298
161.943
162.328
162.401
162.516
162.604
163.134
163.545
163.562
163.724
163.826
163.852
163.898
163.963
164.009
164.072
164.571
164.901
164.961
164.986
165.134
165.309
165.315
165.354
165.407
165.432
165.569
165.594
165.604
165.930
165.945
165.965
165.992
166.082
166.089
166.140
166.171
166.286
166.409
166.412
166.439
166.516
166.537
166.597
166.648
166.663
166.669
166.693
166.704
166.730
166.790
166.803
166.897
166.917
166.924
166.987
167.063
167.104
167.106
167.111
167.120
167.122
167.124
167.157
167.160
167.207
167.235
167.257
167.311
167.318
167.355
167.585
167.609
167.632
167.678
167.683
167.684
167.695
167.717
167.730
167.739
167.766
167.772
167.798
167.853
167.854
167.950
167.981
167.984
168.006
168.008
168.034
168.061
168.105
168.126
168.132
168.148
168.178
168.180
168.200
168.231
168.236
168.242
168.250
168.286
168.288
168.289
168.312
168.317
168.330
168.357
168.450
168.461
168.486
168.521
168.542
168.557
168.559
168.562
168.576
168.591
168.622
168.640
168.677
168.748
168.757
168.762
168.777
168.809
168.892
168.902
168.911
168.922
168.928
168.952
168.962
168.965
169.032
169.051
169.092
169.099
169.122
169.128
169.137
169.154
169.164
169.185
169.187
169.191
169.229
169.237
169.270
169.285
169.318
169.333
169.335
169.338
169.356
169.373
169.373
169.396
169.496
169.508
169.527
169.536
169.542
169.578
169.584
169.611
169.645
169.688
169.699
169.718
169.730
169.755
169.765
169.840
169.901
169.913
169.951
169.970
169.973
170.010
170.051
170.080
170.082
170.114
170.135
170.144
170.146
170.177
170.180
170.204
170.208
170.220
170.258
170.269
170.289
170.305
170.325
170.335
170.346
170.440
170.449
170.478
170.483
170.492
170.501
170.519
170.535
170.561
170.565
170.566
170.586
170.608
170.611
170.660
170.676
170.760
170.766
170.775
170.779
170.806
170.808
170.810
170.814
170.825
170.835
170.837
170.869
170.872
170.903
170.904
170.905
170.940
170.963
171.010
171.015
171.039
171.064
171.070
171.103
171.110
171.111
171.138
171.176
171.185
171.220
171.241
171.247
171.266
171.271
171.275
171.280
171.320
171.347
171.361
171.362
171.378
171.379
171.397
171.409
171.420
171.450
171.462
171.473
171.476
171.489
171.519
171.523
171.529
171.532
171.535
171.550
171.601
171.603
171.616
171.617
171.643
171.653
171.658
171.659
171.684
171.691
171.703
171.705
171.711
171.733
171.736
171.738
171.739
171.742
171.743
171.757
171.762
171.769
171.769
171.773
171.785
171.791
171.827
171.854
171.865
171.870
171.890
171.930
171.941
171.946
171.969
171.974
171.991
171.991
172.025
172.036
172.037
172.066
172.071
172.100
172.109
172.132
172.142
172.147
172.150
172.168
172.182
172.195
172.209
172.220
172.232
172.251
172.255
172.256
172.266
172.272
172.320
172.320
172.327
172.346
172.362
172.380
172.391
172.400
172.413
172.431
172.446
172.468
172.485
172.491
172.521
172.528
172.529
172.534
172.544
172.571
172.579
172.587
172.588
172.607
172.613
172.641
172.674
172.677
172.689
172.703
172.737
172.757
172.769
172.797
172.801
172.815
172.842
172.866
172.892
172.908
172.914
172.920
172.922
172.922
172.922
172.926
172.926
172.934
172.949
172.984
172.986
172.990
173.015
173.036
173.059
173.070
173.073
173.082
173.117
173.126
173.130
173.144
173.164
173.230
173.232
173.279
173.280
173.286
173.289
173.299
173.309
173.325
173.334
173.357
173.370
173.372
173.380
173.385
173.386
173.397
173.418
173.458
173.474
173.485
173.487
173.524
173.536
173.536
173.540
173.555
173.555
173.558
173.599
173.603
173.604
173.607
173.608
173.618
173.625
173.635
173.638
173.640
173.656
173.687
173.693
173.699
173.710
173.730
173.746
173.748
173.770
173.785
173.790
173.818
173.823
173.845
173.868
173.875
173.911
173.941
173.943
173.994
174.004
174.014
174.015
174.026
174.028
174.047
174.090
174.090
174.092
174.093
174.135
174.147
174.184
174.191
174.229
174.233
174.252
174.254
174.280
174.290
174.292
174.293
174.298
174.299
174.303
174.352
174.363
174.367
174.424
174.431
174.463
174.473
174.477
174.493
174.494
174.495
174.500
174.533
174.569
174.570
174.590
174.592
174.594
174.602
174.602
174.632
174.635
174.642
174.660
174.725
174.734
174.734
174.735
174.745
174.748
174.784
174.789
174.791
174.818
174.826
174.827
174.834
174.847
174.848
174.860
174.864
174.885
174.892
174.899
174.956
174.957
174.961
174.961
174.963
174.969
174.974
174.975
174.981
174.981
174.986
175.004
175.024
175.057
175.058
175.095
175.100
175.114
175.121
175.126
175.127
175.156
175.166
175.172
175.177
175.192
175.245
175.249
175.252
175.286
175.293
175.311
175.325
175.370
175.401
175.404
175.427
175.427
175.435
175.445
175.453
175.458
175.491
175.587
175.593
175.633
175.637
175.660
175.664
175.665
175.706
175.715
175.750
175.772
175.777
175.788
175.827
175.875
175.888
175.936
175.936
175.938
175.941
175.949
175.964
175.977
176.034
176.079
176.113
176.115
176.126
176.131
176.140
176.182
176.221
176.230
176.236
176.237
176.238
176.256
176.261
176.293
176.309
176.346
176.365
176.379
176.385
176.387
176.390
176.391
176.403
176.446
176.467
176.481
176.488
176.490
176.515
176.519
176.630
176.668
176.693
176.702
176.725
176.756
176.760
176.764
176.770
176.773
176.778
176.782
176.806
176.818
176.914
176.945
176.964
176.977
176.995
176.998
177.002
177.007
177.026
177.056
177.098
177.101
177.190
177.205
177.213
177.217
177.226
177.258
177.262
177.273
177.274
177.280
177.289
177.297
177.331
177.370
177.460
177.500
177.510
177.517
177.527
177.569
177.597
177.609
177.625
177.628
177.665
177.687
177.755
177.819
177.926
177.941
177.976
177.979
177.986
178.024
178.037
178.071
178.102
178.111
178.128
178.131
178.133
178.198
178.214
178.242
178.266
178.295
178.314
178.333
178.335
178.525
178.528
178.535
178.548
178.576
178.581
178.616
178.622
178.640
178.732
178.761
178.773
178.779
178.799
178.816
178.837
178.839
178.873
178.875
178.943
178.973
178.991
179.080
179.091
179.167
179.260
179.263
179.336
179.361
179.459
179.459
179.517
179.583
179.621
179.627
179.671
179.675
179.706
179.708
179.725
179.756
179.811
179.868
179.874
179.876
179.888
179.897
179.899
179.964
180.050
180.069
180.189
180.207
180.224
180.232
180.250
180.263
180.278
180.325
180.354
180.410
180.438
180.464
180.516
180.518
180.543
180.546
180.592
180.625
180.626
180.643
180.673
180.712
180.791
180.800
180.807
180.824
180.843
180.850
180.893
180.928
180.993
181.020
181.039
181.077
181.266
181.339
181.342
181.379
181.447
181.450
181.475
181.497
181.567
181.585
181.586
181.596
181.628
181.636
181.654
181.667
181.693
181.723
181.781
181.783
181.823
181.891
182.080
182.154
182.231
182.231
182.481
182.501
182.509
182.521
182.545
182.560
182.700
182.751
182.757
182.826
182.881
182.901
182.942
183.030
183.065
183.091
183.106
183.130
183.165
183.189
183.212
183.226
183.331
183.344
183.344
183.350
183.601
183.626
183.641
183.667
183.751
183.770
183.878
183.901
183.945
184.085
184.133
184.232
184.396
184.421
184.455
184.468
184.516
184.569
184.680
184.684
184.692
184.810
184.938
184.944
185.031
185.051
185.057
185.058
185.084
185.152
185.266
185.277
185.338
185.386
185.449
185.477
185.524
185.602
185.809
185.856
185.870
186.029
186.072
186.264
186.500
186.603
186.620
186.705
186.712
186.720
186.740
186.762
186.964
187.052
187.086
187.113
187.129
187.130
187.138
187.174
187.297
187.348
187.382
187.442
187.481
187.623
187.628
187.801
187.877
187.894
188.222
188.223
188.284
188.287
188.345
188.365
188.623
188.786
188.787
188.801
188.803
188.812
188.817
188.822
188.954
189.026
189.047
189.101
189.141
189.229
189.365
189.381
189.581
189.700
189.707
189.748
189.763
189.763
189.839
189.875
189.952
190.111
190.149
190.359
190.375
190.398
190.447
190.507
190.591
190.597
190.797
190.807
190.935
190.955
190.963
191.024
191.026
191.106
191.157
191.223
191.349
191.357
191.449
191.578
191.689
191.752
191.808
191.867
192.005
192.038
192.117
192.136
192.295
192.364
192.368
192.417
192.457
192.637
192.671
192.738
192.879
193.151
193.163
193.280
193.324
193.357
193.427
193.439
193.643
193.865
193.889
193.948
193.975
194.102
194.110
194.270
194.568
194.666
194.783
195.004
195.068
195.097
195.158
195.166
195.222
195.310
195.394
195.494
195.523
195.624
195.635
195.676
195.758
195.892
195.974
196.024
196.107
196.217
196.296
196.317
196.450
196.855
197.355
197.549
197.592
197.593
197.630
197.703
197.746
197.771
197.849
197.880
197.895
197.939
198.042
198.042
198.178
198.275
198.289
198.439
198.540
198.574
198.981
198.990
199.116
199.255
199.314
199.342
199.359
199.463
199.639
199.661
199.677
199.757
199.846
200.074
200.195
200.200
200.417
200.457
200.651
200.697
200.905
200.916
200.940
201.035
201.048
201.061
201.137
201.156
201.156
201.219
201.276
201.340
201.508
201.581
201.784
201.952
202.195
202.296
202.411
202.562
202.621
202.922
203.074
203.117
203.200
203.315
203.343
203.363
203.387
203.452
203.467
203.472
203.566
203.572
203.596
203.619
203.793
203.854
203.862
204.027
204.094
204.177
204.190
204.250
204.369
204.446
204.544
204.650
204.844
204.894
205.088
205.114
205.148
205.148
205.159
205.270
205.677
205.717
205.746
205.756
205.937
206.001
206.069
206.151
206.166
206.197
206.233
206.326
206.720
206.850
206.872
206.944
206.958
207.057
207.129
207.287
207.369
207.502
207.614
207.727
207.940
207.953
207.957
207.972
208.198
208.255
208.293
208.524
209.124
209.386
209.461
209.716
209.731
210.000
210.112
210.604
211.188
211.930
212.470
212.562
213.213
213.593
213.654
214.169
214.227
214.329
214.491
214.499
214.580
214.676
214.759
215.031
215.166
215.174
215.202
215.244
215.356
215.403
215.629
215.833
215.915
215.949
216.120
216.214
216.898
217.178
217.620
217.701
217.778
217.924
217.974
218.068
218.075
218.122
218.316
218.557
219.388
220.318
220.782
220.869
222.260
223.799
224.051
224.753
225.521
225.738
226.678
226.717
227.079
227.136
227.836
228.016
228.666
229.078
229.661
230.148
230.662
231.069
231.295
231.510
231.531
231.918
232.007
232.112
232.146
232.441
233.074
233.305
233.469
234.153
234.322
234.486
234.923
235.488
235.974
235.988
236.779
237.045
237.900
239.230
239.616
239.716
240.367
240.634
240.732
241.047
242.315
242.349
242.393
242.812
243.319
243.895
244.148
244.281
245.991
247.216
248.086
248.478
249.470
250.300
250.644
251.285
251.570
252.005
252.050
253.595
253.720
253.845
255.025
255.224
256.193
256.744
257.202
257.264
257.551
259.224
259.525
260.152
260.941
261.411
261.886
261.953
262.478
263.915
264.467
265.271
267.918
275.051
275.527
275.616
277.222
277.572
278.051
279.616
280.355
280.616
280.706
281.340
282.094
282.457
283.019
283.057
284.696
285.046
285.710
286.229
286.313
286.558
287.141
287.735
288.544
288.707
290.312
290.560
290.627
291.368
293.252
296.548
298.217
299.090
302.563
303.536
304.267
304.349
304.886
306.208
307.325
308.179
309.315
309.378
310.198
313.619
315.328
319.967
320.066
320.074
328.391
328.505
329.529
330.013
330.390
331.285
331.525
332.047
332.314
333.722
333.815
338.432
339.660
340.951
341.485
342.377
343.918
343.988
347.195
348.417
350.775
354.809
365.411
366.457
368.662
369.026
369.615
371.787
372.401
376.505
377.187
377.531
378.347
379.573
381.533
384.774
389.679
389.901
396.298
405.533
405.902
405.910
409.062
409.310
409.401
409.472
409.551
419.719
427.201
427.250
432.783
433.777
437.419
440.555
446.901
447.097
448.992
455.503
456.100
456.321
467.767
468.878
471.844
471.914
477.406
481.064
483.318
488.676
489.251
490.713
490.794
496.677
498.136
503.558
524.042
548.905
588.892
613.179
627.728
628.008
662.598
675.604
803.935
823.271
1186.692
1188.393
1206.238
1208.622
1228.679
1235.586
1256.060
1318.274
1439.250
1439.333
1516.204
1726.760
1741.112
1741.344
2074.159
2083.244
2083.376
2939.921
2940.182
